3 0.7545 0.5119760479041916 0.491 0.9760479041916168
3 0.2535 0.9116766467065869 0.507 0.17664670658682635
5 0.3425 0.48727544910179643 0.577 0.9745508982035929
3 0.564438377 0.5169855658682635 0.572696666 0.5058051931137724 0.570996187 0.4697289940119761 0.581291763 0.46650874999999997 0.5866067819999999 0.4382222679640719 0.564877281 0.37013865568862275 0.540887518 0.3296633907185629 0.456144116 0.32510797604790415 0.389740995 0.44266702694610777 0.400944902 0.47382941317365274 0.441337408 0.48449152095808384 0.44756075700000003 0.4905876691616766 0.564438377 0.5169855658682635
5 0.5625149239999999 0.5164778473053893 0.572696666 0.5058051931137724 0.570996187 0.4697289940119761 0.5778978499999999 0.47006630239520963 0.5842326859999999 0.4583782110778443 0.5866067819999999 0.4382222679640719 0.57427157 0.40824573353293414 0.566461577 0.37352579341317366 0.544395267 0.33355825 0.5293468020000001 0.3266170748502994 0.47221005000000005 0.3234108907185629 0.456144116 0.32510797604790415 0.450487592 0.3310372260479042 0.400148058 0.4216625434131736 0.391325291 0.44605416467065867 0.400944902 0.47382941317365274 0.45140766200000004 0.4916031077844311 0.5625149239999999 0.5164778473053893
5 0.6224811130000001 0.5293377305389222 0.628137636 0.5234084790419161 0.645671683 0.4924094730538922 0.659131156 0.4454902080838324 0.632990271 0.38960240568862275 0.598930254 0.3420155553892215 0.596328489 0.3472666751497006 0.587503373 0.3464216497005988 0.582866668 0.3689492904191617 0.569291012 0.38317949401197604 0.5878519219999999 0.4444888278443114 0.581291763 0.46650874999999997 0.572580483 0.47311613473053893 0.5756375880000001 0.49767465419161677 0.572696666 0.5058051931137724 0.592837175 0.520028369760479 0.6224811130000001 0.5293377305389222
5 0.35240324700000003 0.43132678592814366 0.359755553 0.41100043413173654 0.341083157 0.3674753383233533 0.337682199 0.2953229386227545 0.325913814 0.2773718023952096 0.323988013 0.25162743263473053 0.313464767 0.23994285479041916 0.279181776 0.22792448502994012 0.241507219 0.24470031586826346 0.231325478 0.2553729685628743 0.21379143 0.2863719730538922 0.196485052 0.33227580089820363 0.19445011199999998 0.3495523203592814 0.207916629 0.3783430074850299 0.21821220500000002 0.3751227634730539 0.2874565 0.3934006646706587 0.31404568 0.4033881571856287 0.32038286499999996 0.4169367155688623 0.336223478 0.42557145958083836 0.35240324700000003 0.43132678592814366
5 0.21639319599999998 0.28112085329341313 0.237321157 0.24656429640718563 0.277258324 0.2274167649700599 0.320819421 0.24485315269461078 0.339596261 0.19488405688622754 0.3264689 0.1632139505988024 0.294899162 0.12816022005988026 0.283697603 0.12223448203592815 0.238329235 0.1369794356287425 0.235385965 0.1198733263473054 0.22757832 0.11039003892215568 0.221921797 0.11631928892215569 0.220226014 0.13071639221556886 0.20879913300000003 0.13512248502994012 0.202803453 0.14393115718562874 0.188777154 0.17882501946107784 0.18018205699999998 0.21812146257485032 0.185162614 0.2431877005988024 0.19387624299999998 0.26181697005988025 0.20869938500000002 0.27908997455089823 0.21639319599999998 0.28112085329341313
5 0.38362913200000004 0.4187866362275449 0.387023047 0.4152290853293413 0.401727659 0.37457638173652696 0.436117441 0.3183372125748503 0.44007583299999997 0.3015684101796407 0.411672338 0.24805230688622754 0.403072546 0.23687545059880238 0.38926922 0.23620083383233534 0.385194646 0.2202805748502994 0.37750318299999996 0.2434863473053892 0.34096227900000003 0.28431297754491014 0.33632557300000004 0.3068406182634731 0.33983801799999996 0.3612087784431138 0.35262622099999996 0.3957583053892216 0.365525911 0.4125235928143713 0.38362913200000004 0.4187866362275449
5 0.340623122 0.2871923982035928 0.34842841900000004 0.2714390359281437 0.37750318299999996 0.2434863473053892 0.383271192 0.21977285479041916 0.38791024599999996 0.22248186526946107 0.387684925 0.23281369461077842 0.41155850400000005 0.24059989820359282 0.4139326 0.22044395508982037 0.40872672 0.2057095479041916 0.397525161 0.19978381137724552 0.364143457 0.14643811976047902 0.36108870000000004 0.14711625 0.36131637 0.16202107185628742 0.33665533799999997 0.20301459880239522 0.32455249199999997 0.23841618113772456 0.330211363 0.25772357934131734 0.32749811 0.28075894161676646 0.334513607 0.28854865868263474 0.340623122 0.2871923982035928
5 0.450596731 0.2880163368263473 0.471185536 0.2563392005988024 0.49686638499999997 0.2319440628742515 0.5181382 0.24498138772455091 0.523564705 0.19891066616766465 0.506929597 0.1633456991017964 0.49799064600000004 0.1550482619760479 0.451488626 0.14574241467065868 0.429087856 0.15912759131736526 0.413138104 0.19351373652694612 0.41144232199999997 0.20791083682634728 0.41551689599999997 0.22383109730538922 0.41121934800000004 0.24347931736526945 0.435662101 0.2885275718562874 0.450596731 0.2880163368263473
5 0.5730240830000001 0.3767425224550898 0.582866668 0.3689492904191617 0.594175018 0.3066174865269461 0.57855738 0.26241426047904187 0.556832575 0.24480394610778441 0.541444954 0.2407421901197605 0.540875779 0.20348014071856288 0.536915038 0.19501229041916168 0.527978437 0.21195150449101796 0.52684948 0.23837400449101795 0.521985105 0.2459968263473054 0.5269656629999999 0.2710630658682635 0.5059238659999999 0.2981672095808383 0.49744025599999997 0.3196794131736527 0.507510511 0.326791001497006 0.542810972 0.33017111077844313 0.566461577 0.37352579341317366 0.5730240830000001 0.3767425224550898
3 0.948048683 1 0.998002674 0.5824427125748503 0.982840375 0.5680491272455089 0.933848076 0.5462101616766467 0.90884319 0.5396098083832336 0.8978693019999999 0.5485888922155688 0.865509763 0.5370782410179641 0.858833422 0.5264091017964072 0.8457084109999999 0.5199756467065868 0.824211274 0.5172701526946107 0.823530614 0.49779234281437124 0.816062124 0.4854296347305389 0.7760087760000001 0.4718881062874251 0.7531550130000001 0.4807002919161677 0.733353662 0.4635976976047904 0.682098753 0.4441304326347305 0.671914663 0.4295664341317365 0.662297401 0.4270278383233533 0.658225173 0.4363442290419161 0.6593588260000001 0.46039502994011977 0.636848916 0.5168010943113773 0.616032441 0.5335734116766466 0.591027558 0.5269730583832336 0.588767296 0.5545814101796407 0.575756119 0.5556003637724551 0.5622942980000001 0.5772829790419162 0.517748601 0.9217979535928144 0.510170973 0.9524561347305388 0.510398643 0.9673609565868264 0.499310919 0.968887628742515 0.382319464 0.9350373218562874 0.360483172 0.935211248502994 0.347697316 0.925898371257485 0.342491437 0.9111639640718562 0.338867505 0.8745800449101796 0.34655662 0.826137621257485 0.35628537 0.8108919775449102 0.360582919 0.79124375748503 0.369972513 0.7788775329341318 0.38941123 0.5464930464071855 0.387710751 0.5104168458083833 0.36847387600000003 0.48010300149700597 0.35444523 0.4897602155688623 0.343248367 0.5343077784431137 0.307855202 0.7506051107784432 0.316682665 0.7766867889221557 0.315553708 0.8031092904191616 0.30922122 0.8400340314371257 0.28377038800000004 0.9045706392215569 0.27845302099999997 0.9076204715568863 0.245754327 0.8989892410179641 0.237154532 0.887812383233533 0.23070586199999998 0.8920480658682635 0.124915966 0.864123495508982 0.11937093 0.85226850748503 0.122311853 0.8441379640718563 0.12016073000000001 0.8287254266467066 0.163572775 0.46015965119760477 0.155651295 0.4432239520958084 0.15893137400000001 0.4322139910179641 0.15655492899999998 0.42713328143712576 0.144561222 0.4195139760479042 0.145917849 0.40799629491017964 0.163340409 0.3947815299401198 0.17001440199999998 0.3802140179640719 0.187889954 0.37157224251497006 0.188907424 0.3629339805389222 0.17114101099999998 0.3285548652694611 0.163784009 0.29840791916167664 0.145794623 0.29959728443113776 0.138328481 0.3124712260479042 0.11140014399999999 0.3053631526946108 0.106535769 0.3129859745508982 0.098502802 0.3138345164670659 0.065804108 0.30520328742514974 0.059466924 0.29165472904191614 0.019413574 0.2781131991017964 0 0.44057495059880236 0 0.8713063982035929 0.484773421 1 0.948048683 1