3 0.773 0.4805389221556886 0.454 0.9610778443113772
3 0.297 0.9775449101796407 0.562 0.04491017964071856
3 0.784 0.9588323353293413 0.421 0.059880239520958084
5 0.338 0.4962574850299401 0.506 0.9925149700598802
3 0.565339201 0.49485040568862276 0.571705786 0.4811755808383234 0.5646278170000001 0.4465966526946108 0.574175621 0.43999187724550903 0.575103883 0.41064052694610775 0.5437005659999999 0.3516193697604791 0.51424355 0.32026011077844313 0.43098758600000003 0.3443590508982036 0.383951655 0.4812665254491018 0.399551094 0.5078572724550898 0.440510509 0.5046438113772455 0.447490406 0.5084879820359282 0.565339201 0.49485040568862276
5 0.5633887519999999 0.49500342814371256 0.571705786 0.4811755808383234 0.5646278170000001 0.4465966526946108 0.571403277 0.44460116017964074 0.5758194130000001 0.4310793592814371 0.575103883 0.41064052694610775 0.558580328 0.38558620958083833 0.545753233 0.35438617964071856 0.518246666 0.3228738997005988 0.5025408610000001 0.32117824251497007 0.446386735 0.3372952095808383 0.43098758600000003 0.3443590508982036 0.426367011 0.3520411871257485 0.390935699 0.45729577544910177 0.386004322 0.48403333532934134 0.399551094 0.5078572724550898 0.451391302 0.5081819386227545 0.5633887519999999 0.49500342814371256
5 0.623750432 0.48733991467065874 0.628371005 0.4796577784431138 0.64079752 0.4435486317365269 0.6468615959999999 0.39329938473053894 0.61299259 0.34764700598802395 0.572654781 0.31274961826347303 0.570908771 0.31874230688622757 0.562182863 0.3208908218562874 0.561050164 0.34440250598802397 0.549960786 0.36283963473053893 0.577258768 0.4163271706586827 0.574175621 0.43999187724550903 0.5666804839999999 0.4493634655688623 0.573349578 0.4722630613772455 0.571705786 0.4811755808383234 0.593467373 0.48825183982035925 0.623750432 0.48733991467065874
5 0.345866804 0.4827905359281437 0.349976284 0.4605092365269461 0.325242062 0.4243876721556886 0.31108612399999996 0.35522981586826347 0.296921892 0.34170180838323355 0.291176912 0.3172657829341317 0.279167567 0.3094244161676647 0.243957278 0.3092589790419162 0.209769177 0.33829186976047904 0.201452144 0.35211971407185627 0.18902563 0.3882288622754491 0.17906065699999998 0.4387841526946108 0.179673969 0.45630314970059876 0.197121639 0.47982104041916174 0.206669442 0.4732162664670659 0.276885581 0.46770747604790414 0.304294076 0.468485001497006 0.312504744 0.479552244011976 0.329236883 0.48263130538922155 0.345866804 0.4827905359281437
5 0.190771641 0.3822361751497006 0.205970499 0.34151774550898206 0.242006831 0.309412 0.28707157899999997 0.31173216167664675 0.297858448 0.25672061077844316 0.280308559 0.23028288622754492 0.244280522 0.2067587874251497 0.232475613 0.20475708532934134 0.190485718 0.2344020643712575 0.185047395 0.2187255374251497 0.176014832 0.21211455538922155 0.17139425700000002 0.21979669161676646 0.17190535099999998 0.23439585628742515 0.16143343200000002 0.24253705838323356 0.156915076 0.2531390299401197 0.14849167700000002 0.29186196407185633 0.14602184199999999 0.33304566766467064 0.154641384 0.3557922410179641 0.165931053 0.3710097020958084 0.182969847 0.3828482619760479 0.190771641 0.3822361751497006
5 0.37440799700000005 0.46005637724550896 0.377180342 0.4554470943113772 0.38539930299999997 0.4108844940119761 0.410456769 0.3445058652694611 0.411793905 0.3268338473053892 0.37607667 0.28425432185628746 0.36601777399999996 0.27625993263473053 0.352466853 0.28025091916167666 0.346104416 0.2661108218562874 0.342097153 0.29131195658682635 0.312627698 0.3433974640718563 0.311494999 0.3669091482035928 0.323087176 0.4187010284431138 0.340739283 0.4480585868263473 0.355827629 0.46005017065868264 0.37440799700000005 0.46005637724550896
5 0.312729916 0.34631729790419163 0.31796794899999997 0.3283392350299401 0.342097153 0.29131195658682635 0.344153967 0.26626384431137723 0.34908119699999995 0.2673412065868263 0.35041418700000004 0.27748410928143713 0.37484589999999995 0.27703125149700597 0.37413036899999996 0.25659242065868265 0.366843816 0.24398875 0.355038907 0.24198704940119758 0.314496661 0.20124999700598803 0.311622098 0.20293944461077842 0.31408364 0.21738558832335328 0.296214655 0.26563313323353294 0.289741705 0.30420304640718565 0.29815681 0.3211099550898204 0.298974559 0.34446861676646706 0.30698079 0.34969619461077844 0.312729916 0.34631729790419163
5 0.42000872 0.3100861676646707 0.435309797 0.27228757185628744 0.456666657 0.23986957335329342 0.479352359 0.24540940419161678 0.477716861 0.19869207934131736 0.456163858 0.1696405643712575 0.446207178 0.1645660089820359 0.399498637 0.17115836826347305 0.37968335200000003 0.19174401047904194 0.369309505 0.2306199715568862 0.369820598 0.24521913323353292 0.376183036 0.25935923353293416 0.374948118 0.27995108233532934 0.405533686 0.3156135823353293 0.42000872 0.3100861676646707
5 0.5526309119999999 0.35531051946107783 0.561050164 0.34440250598802397 0.5627022500000001 0.27986014071856286 0.540842591 0.24204912724550898 0.517028336 0.23220605988023954 0.50142475 0.2334302365269461 0.495270895 0.19731488173652695 0.490139227 0.1903978532934132 0.48397708 0.20991234431137723 0.486847496 0.23603781586826347 0.483253256 0.24510335928143712 0.491872798 0.2678499341317365 0.475443169 0.30134529191616766 0.470409573 0.32516301946107784 0.481290368 0.3287011482035928 0.5161939999999999 0.3201070883233533 0.545753233 0.35438617964071856 0.5526309119999999 0.35531051946107783
3 1 0.48406374101796407 0.997627342 0.4126257799401198 0.980690766 0.4037070523952096 0.929672454 0.398926124251497 0.9043166250000001 0.4009154101796407 0.894973259 0.41335985029940114 0.861713418 0.4130413907185629 0.8536049689999999 0.40489398053892217 0.8398496129999999 0.4030453008982036 0.818496899 0.40764837574850304 0.814906806 0.38889899550898205 0.805772023 0.37936817964071856 0.7647103909999999 0.3796618068862276 0.7437665520000001 0.39594421257485024 0.721902747 0.38594812275449103 0.669036204 0.38424005089820357 0.656924639 0.37347885179640716 0.647172399 0.3742439610778443 0.6446044910000001 0.3846929086826348 0.649323137 0.40774552844311374 0.635866143 0.4702861901197605 0.618103523 0.4936386467065868 0.592747696 0.4956279311377245 0.5946939969999999 0.5232898323353293 0.5821694119999999 0.5286642245508981 0.572310804 0.5543244236526946 0.580676147 0.9050104041916168 0.577899656 0.9374346077844311 0.580361198 0.951880751497006 0.56978706 0.957102119760479 0.450707494 0.9635166257485029 0.429457001 0.9710395329341317 0.415599424 0.9662710209580837 0.40831287200000005 0.9536673517964073 0.39928445399999996 0.9192414461077844 0.399497185 0.8694512649700599 0.40668566700000003 0.8513201796407185 0.40792058400000003 0.8307283293413174 0.41521128399999996 0.8155170763473054 0.399231998 0.5825425404191616 0.39215402899999996 0.5479636122754491 0.368855014 0.5249047874251497 0.356637085 0.5390386766467066 0.352421238 0.5862150673652694 0.350437615 0.8088874700598802 0.36295805400000003 0.831328 0.365828471 0.8574534745508982 0.365206865 0.8955643218562875 0.35010607800000004 0.96701750748503 0.345383285 0.9717798113772455 0.312225665 0.9743811856287424 0.302166766 0.9663867964071856 0.29651985999999997 0.9726855284431137 0.189245201 0.98110173502994 0.182060868 0.9714178982035928 0.18370466 0.9625053757485029 0.17929267 0.94821225748503 0.16620868100000002 0.5744736586826347 0.155945346 0.5606396032934131 0.15748692 0.5488072500000001 0.154407919 0.5446570344311377 0.14157667699999998 0.5412719296407186 0.14116780299999998 0.5295925973053892 0.15615807699999998 0.5108494251497006 0.160471995 0.4944077889221557 0.176590822 0.47996785628742517 0.176284166 0.47120835628742513 0.153807048 0.4436932694610779 0.14210850400000002 0.4167964790419162 0.124758908 0.4240133428143712 0.119418655 0.43907157185628737 0.09211237900000001 0.4412138802395209 0.088518138 0.4502794221556886 0.080818564 0.4538113428143713 0.047660943000000004 0.45641271556886226 0.039450275 0.4453454730538922 0 0.44562757784431134 0 0.4939607949101796 0.016874631999999997 1 0.460445099 1 1 0.9584610344311377 1 0.48406374101796407