1 0.844537012 0.8160438429530201 0.846294442 0.8058260348993289 0.8424883089999999 0.8046465516778524 0.879539977 0.600880155704698 0.886127892 0.597540477852349 0.8914001819999999 0.5668870563758389 0.903406024 0.5437015060402685 0.925951549 0.5291633087248323 0.9272696220000001 0.521499955704698 0.9038490530000001 0.48868140939597315 0.8501238329999999 0.4747230939597315 0.815283642 0.45585464832214767 0.74911567 0.4326592389261745 0.738282266 0.43737388590604026 0.722618376 0.4352104040268456 0.704023395 0.47922418255033555 0.6965543169999999 0.5226498604026846 0.710312692 0.5592006979865771 0.6985956750000001 0.638978444295302 0.681601472 0.8193638026845637 0.681159666 0.8568953516778522 0.688625072 0.8659353194630872 0.705313312 0.8737974456375839 0.749083844 0.8873615046979867 0.777044848 0.8879545315436241 0.785975186 0.882650143624161 0.800466639 0.9032845288590603 0.822571583 0.908789332885906 0.8489232419999999 0.8954306187919463 0.859026017 0.8716553261744967 0.85814975 0.8417871315436241 0.844537012 0.8160438429530201
1 0.7057808250000001 0.4690063758389261 0.7164685940000001 0.45348417852348993 0.721447163 0.43619275973154364 0.744138325 0.432462111409396 0.749410616 0.4018086899328859 0.754534822 0.39532481744966447 0.7641994630000001 0.35661542953020137 0.751902349 0.3581858818791946 0.742826373 0.352682722147651 0.686319372 0.3432435704697987 0.685440657 0.34835247382550333 0.67211919 0.3442242818791946 0.66933741 0.348743444295302 0.650891737 0.3510991234899329 0.633324782 0.34834590067114096 0.629371788 0.3538474187919463 0.619696129 0.5499537449664429 0.6258434620000001 0.5666570671140939 0.653657606 0.5739310939597315 0.687327809 0.5762933476510067 0.686012185 0.5489796053691275 0.694796887 0.532867667114094 0.7057808250000001 0.4690063758389261
1 0.629374236 0.31887031946308725 0.644599993 0.3060997046979866 0.664509373 0.30688821744966444 0.673586572 0.29490282818791946 0.672269724 0.2850776362416107 0.611810953 0.2636514510067114 0.604051826 0.26797348456375836 0.5986338990000001 0.28781935570469797 0.601706953 0.30491529127516775 0.592038639 0.39609032751677853 0.594234202 0.40080661744966445 0.6144360799999999 0.405721677852349 0.62439077 0.4061159355704698 0.6268812789999999 0.3799816765100671 0.622050794 0.3731035489932886 0.629374236 0.31887031946308725
1 0.611810953 0.2636514510067114 0.636550817 0.27131809261744966 0.644309944 0.2669960590604027 0.635820186 0.25225744697986574 0.601564989 0.24164209798657715 0.592927147 0.25107303489932886 0.5886767599999999 0.32240219731543623 0.591457318 0.33537158523489935 0.596434663 0.335568711409396 0.601267595 0.30746974496644297 0.5977551839999999 0.29292825906040265 0.604051826 0.26797348456375836 0.611810953 0.2636514510067114
1 0.169128305 0.12781374362416106 0.171177008 0.13921103355704698 0.16692906899999999 0.17556309932885908 0.16180486300000002 0.18204697181208052 0.19562070299999998 0.19521677181208055 0.200892993 0.16456335167785235 0.211874483 0.135679155704698 0.173520655 0.1197577744966443 0.169128305 0.12781374362416106
1 0.244812833 0.13646931275167787 0.241299196 0.13941637718120806 0.231633331 0.1956143154362416 0.23573196 0.2009203476510067 0.257836905 0.20642515167785236 0.266330334 0.1686981154362416 0.274675679 0.15514063087248323 0.271016407 0.14728014765100672 0.244812833 0.13646931275167787
1 0.31127452499999997 0.146302722147651 0.300146174 0.18186791812080538 0.30570851299999996 0.19031814228187918 0.316395058 0.19228449664429528 0.321519264 0.18580062281879192 0.326352196 0.15770165637583894 0.322692924 0.14984117181208054 0.31127452499999997 0.146302722147651
1 0.318737482 0.19031978523489934 0.30644036799999996 0.1918902389261745 0.32986216 0.20722023624161073 0.345382862 0.16359907248322147 0.328402123 0.15161039597315434 0.324888487 0.15455746174496643 0.318737482 0.19031978523489934
1 0.34435851 0.1579004268456376 0.339231856 0.19936139597315436 0.34142742 0.20407768590604028 0.359726231 0.20840300536912754 0.371001442 0.16615681073825503 0.36778152599999997 0.15574187382550336 0.352996351 0.1484694899328859 0.34435851 0.1579004268456376
1 0.37773499299999996 0.17362468053691277 0.382565477 0.1805028080536913 0.37948997500000003 0.19838396912751677 0.396178216 0.2062460979865772 0.404232288 0.1710735154362416 0.402036724 0.16635722416107382 0.381102993 0.1598700657718121 0.37773499299999996 0.17362468053691277
1 0.43409390999999997 0.20723338120805368 0.442732976 0.18031389530201344 0.42721594700000004 0.1714694134228188 0.42121180199999997 0.2005507369127517 0.43409390999999997 0.20723338120805368
1 0.445951667 0.20821737852348995 0.45180895099999996 0.18581705637583892 0.443904188 0.17933154093959733 0.436436334 0.20526866979865774 0.445951667 0.20821737852348995
1 0.45151523 0.19917905503355704 0.45517450200000004 0.20703953959731544 0.460151848 0.20723666711409394 0.467912198 0.1854260859060403 0.458104369 0.17835082818791945 0.452687666 0.18070815302013424 0.45151523 0.19917905503355704
1 0.47859751899999997 0.20488098791946308 0.485770428 0.20979440536912752 0.492358342 0.20645472617449664 0.492798924 0.18641172617449664 0.48123366399999995 0.189554277852349 0.47859751899999997 0.20488098791946308
3 0 0.8529871865771812 0.350450757 0.9615884389261744 0.35469624800000005 0.9602134697986576 0.361577883 0.9435117919463087 0.378710379 0.8788652724832215 0.391155578 0.8531252684563758 0.411509212 0.7814051369127517 0.429372338 0.7358192604026845 0.452801475 0.6462179651006712 0.47388574 0.5935584765100671 0.5125418570000001 0.47369801879194634 0.52235336 0.42830762953020135 0.534798559 0.40256762550335573 0.572430325 0.27700852214765104 0.579020688 0.23869174496644294 0.504069239 0.21411972483221475 0.497041966 0.22001385503355705 0.485623567 0.21647540536912752 0.468641604 0.22197527919463086 0.44390174000000004 0.2143086375838926 0.44068060000000003 0.2213822510067114 0.38666165999999996 0.22078593691275167 0.37773132099999995 0.22609032617449665 0.33454578500000004 0.22077936510067114 0.275402636 0.22666692214765102 0.223726119 0.22410589798657715 0.036196351999999994 0.23056676644295304 0.032682715 0.2335138322147651 0 0.4235331489932886 0 0.8529871865771812