1 0.912109375 0.7537227355704699 0.90625 0.7248846469798657 0.888671875 0.7039114926174496 0.888671875 0.6934249154362415 0.884765625 0.6934249154362415 0.88671875 0.48369337181208055 0.892578125 0.47845008322147653 0.892578125 0.44699035167785234 0.900390625 0.4207739087248322 0.919921875 0.39980075436241613 0.919921875 0.39193582281879197 0.891601562 0.36703020134228187 0.836914062 0.3696518456375839 0.799804688 0.36178691275167785 0.731445312 0.35916526845637586 0.721679688 0.36703020134228187 0.706054688 0.3696518456375839 0.6953125 0.4181522657718121 0.6953125 0.4627202174496644 0.71484375 0.4941799489932886 0.716796875 0.5754509234899329 0.73046875 0.7563443785234899 0.736328125 0.793047398657718 0.745117188 0.7996015100671141 0.762695312 0.8022231543624161 0.807617188 0.8022231543624161 0.834960938 0.79435822147651 0.842773438 0.7864932885906041 0.860351562 0.8022231543624161 0.8828125 0.8009123328859061 0.90625 0.77993917852349 0.912109375 0.7537227355704699
1 0.689453125 0.49155830604026846 0.6953125 0.4732067946308725 0.6953125 0.40766568859060404 0.703125 0.38931417718120803 0.705078125 0.3709626684563758 0.7265625 0.3604760912751678 0.7265625 0.32901635973154364 0.73046875 0.3211514255033557 0.733398438 0.2805159395973154 0.721679688 0.2857592281879195 0.711914062 0.28313758389261745 0.655273438 0.2910025167785235 0.655273438 0.29624580536912754 0.641601562 0.29624580536912754 0.639648438 0.30148909395973156 0.622070312 0.30935402684563756 0.604492188 0.3119756711409396 0.6015625 0.3185297825503356 0.625 0.5125314604026846 0.633789062 0.5269505033557047 0.662109375 0.5256396805369128 0.6953125 0.5177747489932886 0.689453125 0.49155830604026846
1 0.603515625 0.3447462255033557 0.59765625 0.3395029369127517 0.595703125 0.2844484053691275 0.608398438 0.2674077181208054 0.627929688 0.26216442953020136 0.634765625 0.24774538523489933 0.631835938 0.23856963087248323 0.569335938 0.23594798657718122 0.5625 0.2425020966442953 0.560546875 0.26347525100671143 0.56640625 0.2792051167785235 0.572265625 0.3709626684563758 0.575195312 0.37489513422818793 0.595703125 0.37358431140939596 0.60546875 0.3709626684563758 0.603515625 0.3447462255033557
1 0.560546875 0.26871853959731545 0.5625 0.2425020966442953 0.569335938 0.23594798657718122 0.594726562 0.23594798657718122 0.6015625 0.22939387651006712 0.590820312 0.2175964765100671 0.555664062 0.2175964765100671 0.548828125 0.22939387651006712 0.556640625 0.3001782711409396 0.561523438 0.3119756711409396 0.56640625 0.31066484832214764 0.56640625 0.2818267624161074 0.560546875 0.26871853959731545
1 0.158203125 0.23201551946308724 0.118164062 0.22808305369127516 0.115234375 0.2372588080536913 0.119140625 0.24774538523489933 0.12109375 0.2844484053691275 0.1171875 0.2923133395973154 0.15234375 0.29493498255033557 0.15234375 0.26347525100671143 0.158203125 0.23201551946308724
1 0.22265625 0.23201551946308724 0.21777343799999999 0.22546140939597314 0.19042968799999999 0.22283976510067113 0.1875 0.22677223087248322 0.1875 0.2844484053691275 0.19238281200000001 0.2883808724832215 0.21484375 0.2870700510067114 0.216796875 0.24774538523489933 0.22265625 0.23201551946308724
1 0.2734375 0.21890729932885905 0.268554688 0.2123531879194631 0.256835938 0.2123531879194631 0.251953125 0.25036703087248324 0.258789062 0.25692114093959734 0.26953125 0.25561031946308727 0.2734375 0.24774538523489933 0.2734375 0.21890729932885905
1 0.274414062 0.2123531879194631 0.271484375 0.21628565369127517 0.271484375 0.2529886738255034 0.259765625 0.2582319624161074 0.28515625 0.2660968966442953 0.29296875 0.21890729932885905 0.274414062 0.2123531879194631
1 0.313476562 0.20448825503355705 0.297851562 0.20186661073825504 0.291015625 0.21366401073825503 0.29296875 0.25561031946308727 0.295898438 0.2595427852348993 0.314453125 0.2582319624161074 0.318359375 0.21366401073825503 0.313476562 0.20448825503355705
1 0.348632812 0.20448825503355705 0.327148438 0.20448825503355705 0.326171875 0.21890729932885905 0.33203125 0.22415058791946307 0.33203125 0.2425020966442953 0.349609375 0.2451237422818792 0.3515625 0.208420722147651 0.348632812 0.20448825503355705
1 0.374023438 0.20186661073825504 0.373046875 0.23201551946308724 0.38671875 0.23463716510067115 0.390625 0.20579907651006712 0.374023438 0.20186661073825504
1 0.391601562 0.20448825503355705 0.388671875 0.23201551946308724 0.3984375 0.23201551946308724 0.400390625 0.208420722147651 0.391601562 0.20448825503355705
1 0.405273438 0.19924496644295303 0.400390625 0.20317743355704698 0.40234375 0.2215289422818792 0.407226562 0.22808305369127516 0.412109375 0.22677223087248322 0.416015625 0.20317743355704698 0.405273438 0.19924496644295303
1 0.440429688 0.19662332214765102 0.4296875 0.20317743355704698 0.4296875 0.21890729932885905 0.4375 0.2215289422818792 0.443359375 0.21628565369127517 0.440429688 0.19662332214765102
3 0 0.9949140107382551 0.431640625 0.9949140107382551 0.435546875 0.9922923651006711 0.439453125 0.973940856375839 0.4453125 0.9057781046979867 0.453125 0.8769400161073825 0.4609375 0.8009123328859061 0.470703125 0.7511010899328858 0.478515625 0.6567218953020134 0.490234375 0.5990457208053691 0.5078125 0.47058515167785236 0.509765625 0.4233955543624161 0.517578125 0.39455746577181205 0.533203125 0.2608536080536913 0.533203125 0.2215289422818792 0.456054688 0.22021812080536912 0.450195312 0.22808305369127516 0.438476562 0.22808305369127516 0.422851562 0.23856963087248323 0.397460938 0.23856963087248323 0.395507812 0.24643456375838926 0.342773438 0.26216442953020136 0.334960938 0.27002936241610737 0.291992188 0.2778942953020134 0.23535156200000001 0.30148909395973156 0.18457031200000001 0.3145973154362416 0.002929688 0.3775167785234899 0 0.38144924563758387 0 0.9949140107382551