3 0.22178000000000003 0.48353293413173654 0.42865 0.9670658682634731
3 0.71938 0.9772904191616767 0.56124 0.03284431137724559
3 0.23238 0.9803592814371257 0.42071000000000003 0.026586826347305376
5 0.6615 0.4812874251497006 0.473 0.9625748502994012
3 0.600585938 0.4999766092814371 0.615234375 0.4722001317365269 0.563476562 0.33916541916167664 0.479492188 0.32162238023952094 0.451171875 0.3552465389221557 0.421875 0.4166471736526946 0.423828125 0.4458855718562874 0.43359375 0.451733251497006 0.427734375 0.4868193293413174 0.434570312 0.4999766092814371 0.552734375 0.504362368263473 0.559570312 0.4999766092814371 0.600585938 0.4999766092814371
5 0.61328125 0.4751239700598802 0.607421875 0.4488094131736527 0.568359375 0.3464750179640719 0.563476562 0.33916541916167664 0.547851562 0.33331773952095806 0.491210938 0.32162238023952094 0.475585938 0.32454622005988026 0.44921875 0.358170377245509 0.4375 0.3903326167664671 0.421875 0.4166471736526946 0.421875 0.4371140538922156 0.426757812 0.45027133233532934 0.43359375 0.451733251497006 0.427734375 0.4868193293413174 0.436523438 0.4999766092814371 0.548828125 0.504362368263473 0.600585938 0.4999766092814371 0.61328125 0.4751239700598802
5 0.42578125 0.4780478113772455 0.431640625 0.4546570928143713 0.423828125 0.4458855718562874 0.419921875 0.4224948532934132 0.4453125 0.3669418982035928 0.43359375 0.3493988592814371 0.431640625 0.3260081407185629 0.422851562 0.32454622005988026 0.420898438 0.3186985404191617 0.381835938 0.35670845808383234 0.349609375 0.4049518143712575 0.357421875 0.4546570928143713 0.37109375 0.4897431706586826 0.375976562 0.49705276946107785 0.40625 0.4955908502994012 0.427734375 0.4868193293413174 0.42578125 0.4780478113772455
5 0.694335938 0.4531951721556886 0.721679688 0.45027133233532934 0.791992188 0.45027133233532934 0.801757812 0.45611901197604793 0.818359375 0.431266374251497 0.818359375 0.4137233353293413 0.806640625 0.36401805688622757 0.79296875 0.3289319790419162 0.784179688 0.3157747005988024 0.749023438 0.28946014221556887 0.713867188 0.29238398203592814 0.702148438 0.301155501497006 0.697265625 0.3260081407185629 0.68359375 0.3406273383233533 0.671875 0.4107994940119761 0.6484375 0.4488094131736527 0.653320312 0.4707382110778443 0.669921875 0.4692762904191617 0.686523438 0.4648905314371258 0.694335938 0.4531951721556886
5 0.83984375 0.3289319790419162 0.84765625 0.3055412604790419 0.84375 0.264607502994012 0.833984375 0.2265975868263473 0.829101562 0.21636414670658682 0.818359375 0.20905454790419162 0.818359375 0.19443534730538922 0.813476562 0.18712574850299402 0.8046875 0.19443534730538922 0.799804688 0.21051646706586827 0.756835938 0.18420190868263472 0.745117188 0.18712574850299402 0.709960938 0.21344030688622753 0.693359375 0.24121678443113773 0.706054688 0.2953078218562874 0.750976562 0.28946014221556887 0.788085938 0.3186985404191617 0.8046875 0.358170377245509 0.8125 0.358170377245509 0.829101562 0.3450130988023952 0.83984375 0.3289319790419162
5 0.673828125 0.4049518143712575 0.68359375 0.3523226976047904 0.681640625 0.3289319790419162 0.650390625 0.2792267035928144 0.645507812 0.2543740643712575 0.639648438 0.2689932634730539 0.625976562 0.2660694236526946 0.616210938 0.27484094311377244 0.58203125 0.3201604610778443 0.583984375 0.3377035 0.611328125 0.4020279760479042 0.62109375 0.4458855718562874 0.624023438 0.45027133233532934 0.642578125 0.4488094131736527 0.657226562 0.4356521332335329 0.673828125 0.4049518143712575
5 0.6953125 0.3055412604790419 0.703125 0.2879982215568862 0.6953125 0.24998830538922157 0.67578125 0.20320686826347306 0.677734375 0.18858766766467067 0.674804688 0.18712574850299402 0.635742188 0.23098334580838323 0.624023438 0.23390718562874252 0.6171875 0.24706446407185628 0.6171875 0.26753134431137726 0.641601562 0.2660694236526946 0.642578125 0.2558359850299401 0.647460938 0.2543740643712575 0.650390625 0.2792267035928144 0.67578125 0.31431278143712577 0.681640625 0.33185582035928146 0.6875 0.3347796586826347 0.6953125 0.3289319790419162 0.6953125 0.3055412604790419
5 0.615234375 0.24998830538922157 0.62109375 0.23536910479041917 0.62109375 0.22074990718562873 0.609375 0.1827399880239521 0.588867188 0.16373502994011976 0.541992188 0.16081119011976047 0.532226562 0.16665886976047903 0.51171875 0.19735918862275448 0.51171875 0.24414062574850298 0.534179688 0.23683102544910178 0.556640625 0.26753134431137726 0.573242188 0.30407934131736525 0.587890625 0.3084651017964072 0.6171875 0.27045518263473056 0.615234375 0.24998830538922157
5 0.512695312 0.32747005988023953 0.5234375 0.3230842994011976 0.517578125 0.29969358083832337 0.5 0.26753134431137726 0.5078125 0.24414062574850298 0.50390625 0.23536910479041917 0.505859375 0.20905454790419162 0.499023438 0.19004958832335328 0.494140625 0.19735918862275448 0.489257812 0.23390718562874252 0.473632812 0.23390718562874252 0.450195312 0.24560254491017963 0.4296875 0.28507438323353296 0.43359375 0.3493988592814371 0.442382812 0.3596322979041916 0.44921875 0.358170377245509 0.477539062 0.32162238023952094 0.512695312 0.32747005988023953
3 0.958007812 0.4093375748502994 0.950195312 0.42103293413173654 0.916992188 0.42103293413173654 0.909179688 0.41810909431137727 0.905273438 0.4093375748502994 0.877929688 0.4093375748502994 0.872070312 0.394718375748503 0.854492188 0.3888706961077844 0.84375 0.4166471736526946 0.822265625 0.4458855718562874 0.822265625 0.4546570928143713 0.838867188 0.46781437125748504 0.84375 0.4838954910179641 0.859375 0.5014385299401197 0.859375 0.5131338892215569 0.846679688 0.5175196482035929 0.84375 0.5219054071856287 0.845703125 0.5336007664670659 0.8359375 0.5482199670658683 0.8359375 0.9224714640718563 0.83203125 0.9370906616766467 0.833984375 0.9458621826347307 0.827148438 0.956095621257485 0.719726562 0.956095621257485 0.713867188 0.9502479416167665 0.704101562 0.9590194610778443 0.670898438 0.9590194610778443 0.666015625 0.9546337005988023 0.6484375 0.8844615449101796 0.646484375 0.846451628742515 0.6484375 0.8201370688622753 0.66015625 0.7967463502994011 0.650390625 0.5745345239520958 0.64453125 0.5277530868263474 0.631835938 0.5145958083832335 0.609375 0.5394484461077844 0.603515625 0.5745345239520958 0.595703125 0.8084417095808383 0.603515625 0.8230609101796408 0.60546875 0.8435277874251497 0.61328125 0.8610708263473053 0.615234375 0.9107761047904193 0.607421875 0.9458621826347307 0.600585938 0.9590194610778443 0.586914062 0.9648671407185628 0.565429688 0.9590194610778443 0.446289062 0.9619433008982036 0.435546875 0.9575575419161677 0.4375 0.9429383413173652 0.43359375 0.9107761047904193 0.4296875 0.5599153263473053 0.418945312 0.5350626871257484 0.40625 0.5306769281437126 0.407226562 0.5029004491017964 0.381835938 0.5029004491017964 0.36328125 0.4809716497005988 0.34765625 0.4195710149700599 0.3515625 0.3961802964071856 0.348632812 0.38594685628742514 0.338867188 0.38594685628742514 0.327148438 0.39764221556886226 0.274414062 0.40348989520958084 0.252929688 0.41518525449101795 0.23144531200000001 0.4005660553892216 0.19042968799999999 0.40348989520958084 0.181640625 0.4137233353293413 0.17871093799999999 0.43272829341317365 0.15722656200000001 0.4298044535928144 0.14355468799999999 0.43272829341317365 0.13574218799999999 0.4414998128742515 0.102539062 0.44442365269461076 0.092773438 0.43272829341317365 0.067382812 0.43272829341317365 0.016601562 0.4414998128742515 0 0.451733251497006 0.000976562 0.997029378742515 1 0.9955674580838323 0.999023438 0.4064137350299401 0.958007812 0.4093375748502994