5 0.900516795865633 0.45535714285714285 0.19896640826873385 0.9107142857142857
3 0.5193798449612403 0.925 0.9612403100775194 0.15
5 0.4392764857881137 0.5 0.8785529715762274 1
3 1 0.4637824928571428 0.998951441860465 0.44999373214285715 0.9899042919896641 0.4472364535714286 0.6343412661498709 0.4717450892857143 0.598356819121447 0.46340067857142864 0.5687596175710594 0.47448615714285713 0.6146078397932816 0.4963266821428572 0.7298234237726098 0.48773252500000003 0.9905634056847544 0.4946421321428571 1 0.49327128571428575 1 0.4637824928571428
3 1 0.5265747 0.9976681291989663 0.4976815857142857 0.5945186072351422 0.5033165785714285 0.6344345452196383 0.5504481892857143 0.6570786744186047 0.55123025 0.6400051602067184 0.5591392392857143 0.6506330620155039 0.595596475 0.6758320904392764 0.6041504892857142 0.6998528139534883 0.6359477964285715 0.7175388010335918 0.6360929392857143 0.7297008139534883 0.6668985821428571 1 0.7061599928571428 1 0.5265747
5 0.5132749457364341 0.6874811 0.5188980645994832 0.6839498642857144 0.5314742609819122 0.6685510928571429 0.5446629250645995 0.6612064571428572 0.5470661705426356 0.6540714178571428 0.547579496124031 0.6349962785714286 0.5443596227390181 0.6313924750000001 0.5152232377260981 0.6356250892857143 0.513484968992248 0.6385919750000001 0.46512848837209303 0.6483310428571428 0.4566938087855297 0.6536278892857142 0.45730628165374676 0.6616820178571429 0.47125906718346255 0.6772984999999999 0.4889450542635659 0.6774436428571429 0.49257324289405685 0.6864168642857142 0.49666225322997415 0.688537225 0.5132749457364341 0.6874811
5 0.41975867700258396 0.46491615714285717 0.4321307131782946 0.44683268214285715 0.4435811111111111 0.4424549214285714 0.44900007235142114 0.43623898214285717 0.4587122015503876 0.4348281107142857 0.4667385658914729 0.42416184285714287 0.4663302506459948 0.4187924214285714 0.4543198888888889 0.40289376785714287 0.4482884547803617 0.40105558214285714 0.41158652713178295 0.4091016035714286 0.40182189147286823 0.42273475714285713 0.39895782687338505 0.4367226535714286 0.399570299741602 0.44477678214285715 0.4083607855297158 0.4570716321428572 0.4089732583979328 0.4651257607142857 0.41975867700258396 0.46491615714285717
5 0.5497961782945736 0.4704550357142857 0.554141850129199 0.46303782857142856 0.5516919664082688 0.4308213107142857 0.5353884392764858 0.4101175892857143 0.5209748294573643 0.40135396785714283 0.5110585452196382 0.40008013214285715 0.509320276485788 0.4030470142857143 0.4978698785529716 0.4074247714285714 0.4741990981912145 0.44479299642857145 0.47266498966408266 0.4504445892857143 0.4760890206718346 0.45673310357142854 0.4959215891472868 0.4592807785714285 0.4997539328165375 0.4709387107142857 0.5029738087855298 0.4745425142857143 0.5282253410852713 0.4708742464285714 0.5353300671834625 0.47391370000000005 0.5497961782945736 0.4704550357142857
5 0.5327167984496124 0.5299378571428571 0.5353242015503876 0.5254875321428571 0.5305760826873385 0.47596149285714284 0.525157118863049 0.48217743571428573 0.5154449922480621 0.48358830714285717 0.5061411782945736 0.4903685964285714 0.5001097441860465 0.48853041071428566 0.4968373643410853 0.49714888571428567 0.4871252351421189 0.49855975714285716 0.48451783204134363 0.5030100857142857 0.4849261472868217 0.5083795035714286 0.4892193126614987 0.5131845749999999 0.4941249483204135 0.5260437714285715 0.49734482428940563 0.5296475785714285 0.506391976744186 0.5324048571428571 0.5327167984496124 0.5299378571428571
5 0.5597532377260982 0.5626542607142857 0.5624131472868217 0.5459816535714286 0.5791308552971576 0.5204809642857142 0.5912462273901808 0.5119350535714285 0.5906337571059431 0.503880925 0.5807699767441861 0.49038481071428575 0.5562359302325581 0.4776626464285714 0.5519427622739018 0.47285757500000003 0.5383457829457364 0.47483279285714286 0.5340001136950904 0.48225000357142855 0.5313402041343669 0.49892260714285713 0.5338951007751938 0.5066945678571428 0.5355283565891472 0.5281722428571428 0.5558683901808786 0.5632186071428572 0.5597532377260982 0.5626542607142857
5 0.6254281705426357 0.6386162928571429 0.6366744108527131 0.6315538285714286 0.6464390413436693 0.617920675 0.6479731550387597 0.6122690821428571 0.6443974702842378 0.5910735785714285 0.6457274263565891 0.582737275 0.6382668940568476 0.5621061214285714 0.6226283410852713 0.53723425 0.592319519379845 0.513136325 0.5864922428940569 0.5139828464285715 0.5791308552971576 0.5204809642857142 0.566093842377261 0.5427325928571428 0.5614915090439276 0.5596873714285715 0.5623081369509044 0.5704262142857143 0.5997741886304909 0.5853413107142857 0.6158735607235142 0.603360325 0.6182242997416021 0.6084475678571428 0.6204700284237726 0.6379793749999999 0.6254281705426357 0.6386162928571429
5 0.5911761266149871 0.6788788321428572 0.6087629689922481 0.6518947035714285 0.6386168346253229 0.6312716535714286 0.6497114237726098 0.6093022 0.6450099431524549 0.5991277107142857 0.6455232687338501 0.5800525678571429 0.6359161524547804 0.5570188785714285 0.6194084677002584 0.5336304428571429 0.592319519379845 0.513136325 0.5808691240310078 0.5175140821428571 0.5641514186046511 0.5430147678571429 0.5565800051679587 0.5984020071428571 0.5578049483204135 0.6145102642857143 0.5551450413436693 0.6311828714285714 0.5603073410852714 0.6345045 0.5756425891472868 0.6295623964285714 0.5816740206718346 0.6314005821428571 0.5915378010335918 0.6448967 0.5925585865633075 0.6583202499999999 0.581516503875969 0.6680674249999999 0.5803907080103359 0.6790884357142857 0.5911761266149871 0.6788788321428572
5 0.5277935658914729 0.6718001535714285 0.5425163410852714 0.6588039214285715 0.5451237441860465 0.6543535928571429 0.5456370697674419 0.6352784535714286 0.5527942997416021 0.6260956249999999 0.5510618992248062 0.5774886785714286 0.5404339948320414 0.5410314392857143 0.5268895219638243 0.5307843785714286 0.49192586046511627 0.5358635178571429 0.46943338242894056 0.5499884500000001 0.46166367958656335 0.5511171500000001 0.45404563049095603 0.5671528357142858 0.45332814728682175 0.5835432678571428 0.45475724806201545 0.6023362357142857 0.45209733850129197 0.6190088392857143 0.4571021240310078 0.6589973107142857 0.4710549095607235 0.6746137892857144 0.48117535142118867 0.6785723392857144 0.5191547286821705 0.6744122928571429 0.5277935658914729 0.6718001535714285
5 0.45205069767441863 0.5796572928571428 0.4553755865633075 0.5588165321428571 0.4597212558139535 0.5513993214285714 0.47873719638242895 0.5432081607142857 0.49218252454780365 0.5263259464285714 0.48451783204134363 0.5030100857142857 0.47271162790697674 0.48979614285714285 0.46453361240310076 0.4855554214285715 0.4231302041343669 0.48342695357142856 0.4069783255813953 0.4776302142857143 0.37978436950904393 0.4815806571428571 0.37717696640826875 0.4860309857142857 0.3799360206718346 0.4964876464285714 0.3781977519379845 0.4994545321428572 0.38141762790697675 0.5030583357142857 0.3864282739018088 0.49147297500000003 0.3911822583979328 0.48942518214285713 0.39792531007751936 0.5264467714285713 0.39761614211886304 0.5482066214285714 0.40257428423772607 0.5488435392857143 0.4038517338501292 0.5527295142857143 0.39608203100775197 0.5538582142857142 0.39035976744186046 0.530260175 0.3841241757105943 0.5257372785714285 0.38243841343669255 0.5164818821428572 0.38166842377260984 0.5450945964285714 0.3897939354005168 0.5615576 0.397359480620155 0.5577441892857143 0.39971021963824294 0.5628314357142857 0.40446420413436696 0.5607836428571429 0.40763157364341085 0.5766097321428572 0.41621790439276485 0.5862198678571429 0.45205069767441863 0.5796572928571428
5 0.49489494056847544 0.4974310607142857 0.49750234108527136 0.4929807357142857 0.49719903875968996 0.4631667571428571 0.4898901550387597 0.45744258928571424 0.4605496149870801 0.4589904964285714 0.45881134625322995 0.46195737857142855 0.4083082790697674 0.4692939142857143 0.40375845219638246 0.4740264142857143 0.40503590180878557 0.47791238928571433 0.41106733591731265 0.47975057857142855 0.42875332299741603 0.47989571785714286 0.4369313410852713 0.48413643928571426 0.4623870310077519 0.4831528821428571 0.47250747028423773 0.4871114321428571 0.4841095193798449 0.49764066428571424 0.49489494056847544 0.4974310607142857
5 0.45881134625322995 0.46195737857142855 0.4605496149870801 0.4589904964285714 0.4663768914728682 0.45814397500000004 0.47031424806201555 0.44535734642857144 0.48094801550387595 0.43024075 0.48053970025839793 0.4248713321428571 0.47302666408268734 0.4164624571428571 0.46505280103359176 0.41490644642857144 0.4543198888888889 0.40289376785714287 0.4482884547803617 0.40105558214285714 0.4135289509043928 0.4088194285714286 0.4035601627906977 0.4197678714285714 0.39895782687338505 0.4367226535714286 0.399570299741602 0.44477678214285715 0.4062142041343669 0.4546691 0.41111984237726096 0.4675283 0.45881134625322995 0.46195737857142855
5 0.34543318087855296 0.4947139285714286 0.35412452196382427 0.47987950714285715 0.3688472971576227 0.46688327142857144 0.3785594263565892 0.46547239999999995 0.38867986821705425 0.4694309464285714 0.3983919974160207 0.46802007500000004 0.40207268992248063 0.46477101785714287 0.402125196382429 0.4525487357142857 0.3954812894056847 0.4426564214285714 0.39486881912144706 0.43460229285714286 0.3966070852713178 0.43163540714285714 0.38071187338501294 0.4163011071428572 0.3653766279069768 0.4212432071428571 0.35719860981912144 0.4170024857142857 0.34533989922480623 0.416010825 0.34360163049095604 0.41897770714285715 0.333889503875969 0.4203885785714286 0.32284742118863047 0.4301357535714286 0.31502521447028425 0.44348672857142857 0.3121611472868217 0.45747462857142857 0.31967418863049096 0.46588350000000006 0.328721338501292 0.4686407821428571 0.3379201395348837 0.48630505357142856 0.3385326124031008 0.4943591821428571 0.34067919638242894 0.49676171428571425 0.34543318087855296 0.4947139285714286
5 0.3590242945736434 0.5443125392857143 0.36076256072351426 0.54134565 0.37435954005167954 0.5393704321428571 0.3787052118863049 0.5319532214285714 0.37788858139534887 0.5212143821428571 0.37574199999999996 0.51881185 0.37748026873385016 0.5158449642857142 0.37686779586563307 0.5077908357142857 0.3747212144702842 0.5053883 0.37308795865633076 0.4839106214285715 0.3744179121447028 0.4755743214285714 0.37119803617571057 0.4719705178571429 0.3653707596899225 0.4728170392857143 0.35432867958656333 0.4825642142857142 0.3395533979328165 0.5077827285714285 0.3388359147286822 0.5241731607142857 0.34629644961240313 0.5448043142857143 0.3503854573643411 0.5469246750000001 0.3590242945736434 0.5443125392857143
5 0.3817091989664083 0.6360199785714286 0.3843166020671835 0.6315696535714286 0.38564655555555555 0.62323335 0.38575156847545217 0.5987887892857143 0.387489834625323 0.5958219035714285 0.3862648914728682 0.57971365 0.38304501808785535 0.5761098464285714 0.35585105943152456 0.5800602857142857 0.35150538759689925 0.5874774964285714 0.3554893875968992 0.6140424178571428 0.3634107416020672 0.6278207071428571 0.37869348320413443 0.6351008857142857 0.3817091989664083 0.6360199785714286
5 0.30697538759689924 0.6604483285714285 0.3091219715762274 0.6628508607142857 0.31842578552971573 0.6560705714285714 0.3210331860465116 0.6516202428571428 0.32062487338501294 0.6462508285714286 0.31163022480620156 0.6312712642857143 0.3121435503875969 0.612196125 0.30248393023255815 0.6013847178571429 0.2904210620155039 0.5977083428571429 0.2825988552971576 0.6110593214285714 0.2818813695090439 0.62744975 0.28014310335917314 0.6304166392857143 0.2813680465116279 0.6465248964285715 0.286938661498708 0.6552159428571429 0.30222140310077517 0.6624961178571428 0.30697538759689924 0.6604483285714285
5 0.3128085297157623 0.608027975 0.31889246770025836 0.5976438785714285 0.3254372299741602 0.580406925 0.32462059948320415 0.5696680857142857 0.3211965658914729 0.563379575 0.29982988630490953 0.5664834928571428 0.29768330490956074 0.5640809535714286 0.2918560284237726 0.564927475 0.2857720878552972 0.5753115714285715 0.2869970310077519 0.5914198285714286 0.29236348578811366 0.5974261678571429 0.29819076485788115 0.5965796464285714 0.300541503875969 0.6016668928571429 0.30979281136950904 0.6071088785714286 0.3128085297157623 0.608027975
5 0.41930930490956075 0.8205635607142857 0.4305555452196383 0.8135010964285714 0.4523305426356589 0.8157665964285714 0.46684916020671835 0.8000856535714286 0.47640963565891475 0.7837677928571428 0.4773312764857881 0.7700620714285714 0.46961408010335914 0.7589684892857143 0.4657292273901809 0.7595328357142858 0.4511114651162791 0.7480845071428571 0.4254516175710594 0.7463833535714285 0.4127762764857881 0.7346528535714286 0.3946819767441861 0.7291382928571429 0.376430157622739 0.760290575 0.37315777777777775 0.7689090535714286 0.3724402971576228 0.7852994857142858 0.36436142635658914 0.8081880357142858 0.36584302842377264 0.8147587214285714 0.37402104651162793 0.8189994428571428 0.38179074935400514 0.8178707464285714 0.3949269069767442 0.8227483857142858 0.41930930490956075 0.8205635607142857
5 0.3838440516795866 0.741570175 0.40337331782945735 0.7143038714285714 0.4187085658914728 0.7093617714285715 0.43537376744186046 0.6960833607142858 0.44120104392764853 0.6952368392857142 0.4455467157622739 0.6878196285714285 0.4446309405684754 0.6499515214285714 0.44141106459948326 0.6463477142857142 0.42975651162790696 0.6480407607142857 0.4097197855297157 0.642808375 0.39029552971576226 0.6456301178571429 0.3881489457364341 0.6432275857142857 0.3747561240310078 0.6478875142857142 0.3656564702842377 0.6573525142857143 0.3476088062015504 0.6911895071428571 0.349854534883721 0.7207213107142857 0.3532785658914729 0.727009825 0.363603165374677 0.7336530821428572 0.3674880180878553 0.7330887357142858 0.3750010594315245 0.7414976071428571 0.3838440516795866 0.741570175
5 0.4293481989664083 0.6426713428571429 0.4330288940568475 0.6394222821428571 0.4351754754521964 0.6418248214285714 0.4468300284237726 0.640131775 0.4511757002583979 0.6327145642857143 0.45250565374677004 0.6243782607142858 0.45128071059431524 0.6082700035714286 0.45434893281653743 0.5969668142857143 0.45245901291989665 0.5850267071428572 0.44837000516795866 0.58290635 0.4367154521963824 0.5845993964285714 0.43497718346253234 0.5875662785714286 0.41749535142118865 0.5901058464285714 0.4138146589147287 0.5933549071428571 0.4116680749354005 0.5909523714285715 0.4019559483204134 0.5923632428571428 0.4002176795865633 0.5953301285714285 0.39244797932816533 0.5964588249999999 0.3881023074935401 0.6038760321428571 0.38523824031007753 0.6178639321428572 0.38605486821705426 0.6286027678571429 0.3843166020671835 0.6315696535714286 0.3862065219638243 0.6435097607142858 0.40368835142118864 0.6409701892857143 0.4058349328165375 0.643372725 0.42244763049095607 0.6423165964285714 0.4293481989664083 0.6426713428571429
5 0.48443600258397934 0.773101525 0.49246236692506457 0.7624352571428572 0.4912374237726098 0.7463270000000001 0.48479767700258397 0.7391193928571429 0.467934180878553 0.6981392607142857 0.4604211421188631 0.6897303857142857 0.4483582739018088 0.6860540107142857 0.4414051989664083 0.69792155 0.43557792248062016 0.6987680714285714 0.4284206950904393 0.7079508964285713 0.41134717571059437 0.7158598892857142 0.40311665374677 0.7238414464285714 0.4045982609819122 0.7304121285714286 0.4293364677002584 0.7458190071428571 0.4409910232558139 0.7441259607142857 0.44722661240310074 0.7486488571428571 0.4511114651162791 0.7480845071428571 0.4554046279069767 0.7528895821428571 0.459289480620155 0.7523252321428571 0.46961408010335914 0.7589684892857143 0.47947785788113695 0.7724646035714285 0.48443600258397934 0.773101525
5 0.6253114289405685 0.7662085214285714 0.6270496976744185 0.7632416321428572 0.6464739534883721 0.7604198892857142 0.6523537364341085 0.7473510857142858 0.6494955374677003 0.7097651535714286 0.647144795865633 0.704677907142857 0.6357469043927648 0.6968333821428572 0.6303279405684754 0.7030493250000001 0.6266997519379844 0.6940761035714286 0.6236840361757106 0.6931570107142857 0.6219457674418605 0.6961238928571429 0.6102912170542636 0.6978169392857143 0.6076838139534884 0.7022672642857143 0.6102387105943152 0.7100392214285715 0.60763130749354 0.7144895464285714 0.6029823333333333 0.6920927785714286 0.6055897364341085 0.6876424535714285 0.6116211679586564 0.6894806357142856 0.6142285710594315 0.6850303107142858 0.6088621162790697 0.6790239714285714 0.5861654780361757 0.6904641964285714 0.5852438397932817 0.7041699142857143 0.5811548320413437 0.7020495571428572 0.5774741369509044 0.7052986142857143 0.567557850129199 0.704024775 0.5580498837209302 0.7081203571428571 0.5481335968992248 0.7068465178571428 0.5444529018087855 0.710095575 0.5422538139534884 0.7199153214285714 0.5432745994832041 0.7333388714285713 0.5503268191214471 0.7486006035714285 0.5662220310077519 0.7639349107142857 0.5912169043927649 0.7698042142857142 0.6253114289405685 0.7662085214285714
5 0.5595839922480621 0.7024687642857143 0.5613222609819122 0.6995018785714285 0.5690919638242894 0.6983731821428572 0.5894378604651163 0.6818457142857143 0.5970559095607235 0.6658100285714286 0.5958309664082687 0.6497017714285714 0.5909253281653747 0.6368425714285715 0.5793232816537468 0.6263133357142857 0.5696111550387597 0.6277242071428571 0.5674645736434109 0.6253216714285714 0.552537638242894 0.6356331964285714 0.5499302377260982 0.6400835214285715 0.5496210671834625 0.661843375 0.5470136640826874 0.6662937000000001 0.5392439638242894 0.6674223964285715 0.5357674263565891 0.6733561642857143 0.5318825736434108 0.6739205142857143 0.5240603669250646 0.6872714928571428 0.5268194211886306 0.6977281571428572 0.5371440206718346 0.7043714142857143 0.5595839922480621 0.7024687642857143
5 0.6820559483204134 0.7118210500000001 0.6837942196382428 0.7088541678571428 0.6896214961240309 0.7080076428571429 0.6985169948320413 0.6958579321428572 0.7101715478036176 0.6941648857142857 0.7142605581395349 0.6962852464285714 0.7179412506459948 0.6930361892857142 0.7236168759689923 0.6772826750000001 0.7233135710594315 0.6474686964285714 0.715800534883721 0.6390598214285714 0.6942296950904393 0.6394790321428571 0.6854392067183462 0.6271841821428571 0.6802769069767441 0.6238625535714285 0.6775178527131783 0.6134058857142857 0.670004811369509 0.6049970107142857 0.656407834625323 0.6069722321428571 0.6501197364341086 0.6146716178571429 0.6489939405684755 0.6256926285714286 0.6580410904392765 0.6284499107142857 0.6634075478036175 0.63445625 0.6659624470284238 0.6422282035714285 0.6644283333333333 0.6478798 0.672093023255814 0.6711956607142857 0.6741345943152455 0.6980427571428572 0.6726004857881136 0.7036943535714286 0.6751553824289405 0.7114663071428572 0.6820559483204134 0.7118210500000001
5 0.5325883255813953 0.7606777464285714 0.5384681085271318 0.7476089428571429 0.5358140671834625 0.7127077178571429 0.5134791033591731 0.6901658071428572 0.49793970025839795 0.6924232 0.4957931162790698 0.6900206678571428 0.4899658397932817 0.6908671892857143 0.4815836666666667 0.6839417571428571 0.47897626356589146 0.6883920857142858 0.4794837235142119 0.720890775 0.49358816279069767 0.7514142464285714 0.511017488372093 0.7610969535714286 0.5256877571059432 0.7603230000000001 0.5325883255813953 0.7606777464285714
5 0.2832987416020672 0.7493903821428571 0.2799272170542636 0.7308795892857143 0.28166548320413437 0.7279127071428572 0.28084885529715764 0.7171738678571429 0.2841212351421189 0.7085553892857143 0.28090722480620156 0.6533777535714286 0.2768182196382429 0.6512573964285714 0.2554515374677003 0.6543613107142857 0.24307950129198966 0.6724447892857143 0.22621014211886303 0.6830384892857143 0.21516805943152453 0.6927856607142857 0.21082238759689922 0.700202875 0.2050942558139535 0.7281786678571429 0.2067275142118863 0.7496563464285714 0.21986367441860466 0.7545339857142858 0.2502775064599483 0.7541873464285714 0.2832987416020672 0.7493903821428571
5 0.22621014211886303 0.6830384892857143 0.23745637984496124 0.6759760214285715 0.24722101291989665 0.6623428714285714 0.2513625297157623 0.6522409535714285 0.2595930490956072 0.6442593928571428 0.2641953850129199 0.6273046107142857 0.2631745968992248 0.6138810642857143 0.25780814211886305 0.6078747285714285 0.25392328940568476 0.608439075 0.24165626614987082 0.6020779892857143 0.19892290180878555 0.608285825 0.19329978294573644 0.6118170607142857 0.17985445478036174 0.6286992678571429 0.1750479638242894 0.6429693392857143 0.17545627906976743 0.6483387607142858 0.1806185788113695 0.6516603892857143 0.1903307054263566 0.6502495178571428 0.2034143591731266 0.6673494392857143 0.22125199999999998 0.6824015714285714 0.22621014211886303 0.6830384892857143
5 0.2776407105943153 0.6104224 0.2837246511627907 0.6000383071428571 0.2850546072351421 0.5917020035714285 0.28454714470284237 0.5592033142857143 0.2824005633074935 0.5568007785714285 0.2813797777777778 0.5433772321428572 0.2719243100775194 0.5352505321428571 0.2622121834625323 0.5366614035714287 0.2600655994832041 0.5342588678571428 0.22724852454780362 0.5417405428571429 0.22290285012919897 0.54915775 0.22453610852713177 0.5706354285714286 0.22320615503875968 0.5789717321428571 0.22535273643410855 0.5813742678571429 0.22596520930232558 0.5894283964285715 0.22443109819121446 0.5950799892857143 0.22979755297157622 0.6010863285714285 0.23582898966408267 0.6029245142857143 0.24359868992248063 0.6017958142857143 0.2558657157622739 0.6081569 0.2726825684754522 0.6097854821428571 0.2776407105943153 0.6104224
5 0.3114844418604651 0.5647904464285715 0.3132227080103359 0.5618235571428571 0.31904998449612404 0.5609770357142857 0.3333644470284238 0.5426113857142857 0.33724929974160206 0.5420470357142857 0.33648517312661497 0.5190859142857143 0.3332652997416021 0.5154821142857143 0.2983016408268734 0.52056125 0.2957467416020672 0.5127892964285715 0.2929351834625323 0.5145549142857143 0.29247436434108526 0.521407775 0.2866470852713178 0.5222542964285714 0.28490881912144705 0.5252211821428571 0.280411496124031 0.5177314035714286 0.2745842196382429 0.518577925 0.2719768165374677 0.5230282535714286 0.2725892868217054 0.5310823821428572 0.28311804392764855 0.5404103464285714 0.2860812558139535 0.5535517214285715 0.2914477131782946 0.5595580607142857 0.30652629715762275 0.564153525 0.3114844418604651 0.5647904464285715
5 0.33152703359173125 0.5184489999999999 0.3352077260981912 0.5151999392857143 0.3485014031007752 0.48341073928571426 0.35780521705426355 0.47663044642857144 0.3690514547803618 0.46956798214285717 0.3983919974160207 0.46802007500000004 0.40207268992248063 0.46477101785714287 0.402125196382429 0.4525487357142857 0.3954812894056847 0.4426564214285714 0.394460503875969 0.429232875 0.3787694496124031 0.4165832785714286 0.3673190516795865 0.4209610357142857 0.34533989922480623 0.416010825 0.32652811369509044 0.4268866964285714 0.316763480620155 0.44051984642857145 0.3076113178294574 0.46220712857142854 0.2946268139534884 0.4722364785714286 0.29242772351421187 0.4820562214285714 0.2936526666666667 0.49816448214285713 0.29774167441860466 0.5002848428571429 0.3028514677002584 0.5158287500000001 0.3060713410852713 0.5194325535714286 0.3207416149870801 0.5186586000000001 0.33152703359173125 0.5184489999999999
5 0.1772470542635659 0.6331495964285715 0.17985445478036174 0.6286992678571429 0.17944614211886303 0.6233298535714287 0.18205354263565893 0.6188795285714286 0.18680752713178292 0.6168317357142857 0.18921077519379845 0.6096966964285715 0.19135735658914726 0.6120992357142857 0.19483389405684753 0.6061654642857143 0.22483941085271317 0.6004494071428571 0.22238952713178295 0.5682328928571428 0.2202429457364341 0.5658303571428571 0.223719480620155 0.5598965928571429 0.2214212480620155 0.5425870642857142 0.21324322997416023 0.5383463428571429 0.2119132764857881 0.5466826464285715 0.20782426614987082 0.5445622857142857 0.20368275452196383 0.5546642071428571 0.20603349354005168 0.5597514499999999 0.2034260904392765 0.564201775 0.19652552196382428 0.5638470321428571 0.19826379328165375 0.5608801464285714 0.1976513204134367 0.5528260178571428 0.19463560206718344 0.5519069214285715 0.19115906718346254 0.5578406928571429 0.18185525322997417 0.5646209821428572 0.17664044702842377 0.5735216357142857 0.17101732816537468 0.5770528714285714 0.16406425322997417 0.5889204035714286 0.15931026873385012 0.5909681964285713 0.1579803126614987 0.5993045 0.15450377519379843 0.6052382678571429 0.15532040568475453 0.6159771035714285 0.16089102067183464 0.6246681535714286 0.1692731912144703 0.6315935857142857 0.17617376227390183 0.6319483285714286 0.1772470542635659 0.6331495964285715
5 0.2778448682170543 0.6131071107142857 0.2854629198966408 0.5970714214285715 0.2829080206718346 0.5892994678571428 0.2855679302325581 0.5726268642857143 0.28393467441860465 0.5511491857142857 0.28097146253229976 0.5380078107142857 0.28357886563307494 0.5335574857142857 0.2915527235142119 0.5351134964285714 0.2958983953488372 0.5276962892857143 0.2913019250645995 0.4930772357142857 0.28808205167958656 0.4894734357142857 0.25506081912144707 0.4942704 0.2461653178294574 0.5064201071428571 0.22500279586563307 0.5122087357142857 0.21702893281653746 0.5106527214285714 0.20552603100775194 0.5272527607142857 0.1937664677002584 0.5533903642857142 0.18763002325581396 0.5759967392857143 0.18865080878552973 0.5894202892857142 0.1957555348837209 0.5924597428571428 0.20239943927648577 0.6023520607142857 0.24359868992248063 0.6017958142857143 0.2519808656330749 0.60872125 0.26169299224806203 0.6073103785714286 0.2690018733850129 0.6130345392857143 0.2778448682170543 0.6131071107142857
5 0.15230468733850128 0.6150580107142857 0.15491209043927648 0.6106076857142858 0.15450377519379843 0.6052382678571429 0.1675407906976744 0.5829866357142857 0.18747837209302326 0.5610897535714285 0.18988161757105942 0.5539547142857142 0.17848372609819121 0.5461101892857143 0.15343635142118864 0.5524631678571428 0.14387587338501293 0.5687810285714286 0.14693823255813954 0.609051675 0.1492889715762274 0.6141389178571429 0.15230468733850128 0.6150580107142857
5 0.10976375452196381 0.7270982214285714 0.11150202067183464 0.7241313392857143 0.11732929715762275 0.7232848142857142 0.11993670025839794 0.7188344892857143 0.11809928423772609 0.6946721 0.12423573126614987 0.6720657250000001 0.12239831782945737 0.6479033392857143 0.11294285271317829 0.6397766392857143 0.10517314987080102 0.6409053392857142 0.0950527054263566 0.6369467892857142 0.06632463824289406 0.646548825 0.06218312403100776 0.6566507464285715 0.06647042377260981 0.7130296464285715 0.06861700516795866 0.7154321821428571 0.06922947803617571 0.7234863107142857 0.0745959354005168 0.7294926500000001 0.09703590956072351 0.7275899964285715 0.10976375452196381 0.7270982214285714
5 0.15116716279069767 0.7292266857142857 0.15377456589147287 0.7247763607142856 0.15336625064599482 0.7194069428571428 0.15663862790697675 0.7107884642857143 0.15541368475452197 0.6946802071428572 0.1569477984496124 0.6890286142857143 0.17064978811369508 0.6626088321428572 0.17003731782945736 0.6545547035714285 0.17177558397932818 0.6515878178571429 0.1696290025839793 0.6491852857142858 0.16881237467700258 0.6384464428571429 0.16538834366925065 0.6321579321428571 0.15271300258397932 0.6204274321428572 0.14300087596899225 0.6218383035714286 0.13758191214470283 0.6280542464285714 0.12418909043927648 0.6327141749999999 0.12158168992248063 0.6371645 0.12802143669250646 0.6443721035714286 0.12863390956072351 0.6524262357142857 0.12689563824289407 0.6553931214285714 0.1279164237726098 0.6688166678571429 0.12004171317829457 0.694389925 0.12167496899224807 0.7158676035714285 0.12744973901808784 0.7272433607142857 0.13649689147286823 0.7300006392857143 0.15116716279069767 0.7292266857142857
5 0.20115690180878554 0.7409652964285715 0.2037643049095607 0.7365149714285714 0.20622005426356588 0.7171576535714286 0.20949243669250645 0.7085391785714286 0.2088799638242894 0.70048505 0.2112832093023256 0.6933500107142857 0.2158330361757106 0.6886175107142858 0.21522056589147284 0.6805633821428572 0.20535678552971579 0.6670672642857143 0.19053486304909562 0.652934225 0.1806185788113695 0.6516603892857143 0.16042433333333334 0.6830948428571428 0.15715195607235144 0.691713325 0.15561784237726098 0.6973649142857143 0.15663862790697675 0.7107884642857143 0.15336625064599482 0.7194069428571428 0.15397872093023257 0.7274610714285714 0.16752319638242896 0.7377081321428571 0.19425633333333334 0.7406105535714286 0.20115690180878554 0.7409652964285715