5 0.1111111111111111 0.5464285714285714 0.2222222222222222 0.9071428571428571
3 0.5348837209302325 0.8982142857142857 0.9302325581395349 0.20357142857142857
5 0.5478036175710594 0.5 0.9043927648578811 1
3 0.2766330749354005 0.5757636214285715 0.3890993126614987 0.5401311535714286 0.4288158501291989 0.5016698857142857 0.3981544444444444 0.5022894892857143 0.36522807751937986 0.5240196535714285 0.01855126356589147 0.6359193607142858 0.01040446253229974 0.6420165214285714 0.015830968992248062 0.6845523035714286 0.027371684754521963 0.681739725 0.2766330749354005 0.5757636214285715
3 0.3517498217054264 0.6671026642857143 0.3742667777777778 0.6492799392857143 0.3772123953488372 0.6101860785714286 0.3592230103359173 0.6090879714285714 0.3808339793281653 0.5997094678571429 0.4098042997416021 0.5391968714285714 0.02114833333333333 0.687368125 0.046810403100775194 0.8962936857142857 0.3124815788113695 0.7479423785714285 0.3180289638242894 0.7136967321428571 0.3350008785529716 0.7068193785714285 0.3517498217054264 0.6671026642857143
5 0.573283684754522 0.6391536964285714 0.5722662144702843 0.6311782392857143 0.5631019431524548 0.6292999428571429 0.514676472868217 0.6383605285714286 0.5124138630490956 0.6361708035714285 0.4835620723514212 0.6432022464285715 0.4811856304909561 0.6478931214285715 0.48548317829457366 0.6660337642857143 0.48921624806201547 0.6719768357142857 0.5033587312661498 0.6740124642857143 0.5185186821705426 0.6840235571428572 0.524628196382429 0.685275757142857 0.5408079638242894 0.6799620285714285 0.5443157131782946 0.6763660178571429 0.5460138449612403 0.6663581714285715 0.5629857622739018 0.6594808178571429 0.573283684754522 0.6391536964285714
5 0.5789660361757106 0.38832494642857146 0.566860842377261 0.37893995357142857 0.5299760852713178 0.3851879642857143 0.5245448837209302 0.3892527392857143 0.5161704108527132 0.4091110964285714 0.5168487260981912 0.41442806785714287 0.5266913100775193 0.42162333928571427 0.5363085736434109 0.41927952500000004 0.5427572428940569 0.42319020714285716 0.5546371188630491 0.42303611785714285 0.5701362248062015 0.4357056928571429 0.5805456356589147 0.43179825357142854 0.5795281679586564 0.42382279642857146 0.5855261937984496 0.4086553107142857 0.5845087235142119 0.4006798535714286 0.5789660361757106 0.38832494642857146
5 0.4957998863049096 0.4593044178571428 0.5143560981912145 0.44929981785714285 0.51639338501292 0.44195045714285713 0.5137916201550388 0.43710224642857143 0.4835855529715762 0.41019946785714284 0.4717056795865633 0.41035355714285715 0.4694430697674418 0.4081638357142857 0.4601649638242894 0.41316613214285713 0.4480574211886305 0.4270814214285714 0.43651435658914733 0.453194275 0.4405842377260982 0.4850961107142857 0.4462407622739018 0.49057041785714284 0.46083623255813955 0.4883839428571428 0.4670595839793282 0.48275554285714284 0.49206446770025836 0.47666162500000003 0.49444091214470287 0.47197075000000005 0.4957998863049096 0.4593044178571428
5 0.5161610206718346 0.5023122071428571 0.5154827080103359 0.4969952357142858 0.5120887932816537 0.49371065 0.5024715297157623 0.4960544642857143 0.4976071550387597 0.4890165321428572 0.49217595348837206 0.4930813035714286 0.48188037726098193 0.49010814999999996 0.47226311369509044 0.4924519642857143 0.4658144418604651 0.4885412785714286 0.4711271162790697 0.5379576571428571 0.4745210284237726 0.5412422392857144 0.5003180594315245 0.5335847 0.5084648604651163 0.5274875392857142 0.5108413074935401 0.5227966607142857 0.5129924289405685 0.5085667071428571 0.5161610206718346 0.5023122071428571
5 0.4637771550387597 0.4958906357142857 0.4581206330749354 0.4904163285714286 0.4446564651162791 0.4936976714285714 0.4414878708010336 0.4999521714285714 0.4204413798449612 0.5215282392857142 0.4136512041343669 0.5382593464285714 0.41466867441860467 0.5462348035714285 0.428019007751938 0.5498340642857144 0.4491746408268734 0.5679779535714286 0.45505648578811375 0.5829913428571428 0.4589033875968992 0.5820538178571428 0.4714662713178295 0.5406161428571429 0.4687530180878553 0.5193482535714286 0.46965900000000005 0.5109040285714285 0.4637771550387597 0.4958906357142857
5 0.4541505012919897 0.5914355642857143 0.452793873385013 0.5808016178571428 0.4449885762273902 0.5662569892857142 0.428019007751938 0.5498340642857144 0.41964688372093023 0.5463921428571429 0.41387652713178297 0.5477984321428571 0.3895476072351421 0.5825096 0.37947500258397937 0.6123758035714286 0.37641789922480623 0.6350499821428571 0.3793588217054264 0.6425566749999999 0.38014862015503875 0.6642933321428571 0.3827503875968992 0.6691415392857143 0.3948555813953488 0.6785265321428571 0.40707461240310083 0.6810309285714286 0.41171366408268734 0.6785297785714286 0.40798294315245476 0.6492864285714285 0.40922808010335915 0.6435006964285714 0.4211103023255814 0.620046325 0.4541505012919897 0.5914355642857143
5 0.44769478552971576 0.6574257142857143 0.4531259870801034 0.6533609392857144 0.46885276485788113 0.6522693214285714 0.47315266149870805 0.6471096857142857 0.467270819121447 0.6320962928571429 0.4652358785529716 0.6161453785714285 0.44691202842377264 0.565788225 0.42575639793281655 0.5476443428571429 0.41387652713178297 0.5477984321428571 0.3919240516795866 0.577818725 0.3807201447028424 0.6065900678571428 0.37607874160206717 0.6323914964285714 0.38037629198966405 0.6505321392857143 0.3778860129198966 0.6621036071428572 0.39293212919896636 0.6789952964285715 0.4257423126614987 0.6874460107142857 0.4480292480620155 0.7066847571428572 0.4584386589147287 0.7027773178571428 0.4551585788113695 0.6926121357142857 0.44260039534883716 0.6874492535714286 0.4409046124031008 0.6741568214285715 0.44769478552971576 0.6574257142857143
5 0.5697806330749353 0.5961491535714286 0.5638987881136951 0.5811357607142857 0.56152469250646 0.5625263607142857 0.557566299741602 0.5470442000000001 0.5470454031007752 0.5345319607142857 0.5393515917312661 0.5364070142857142 0.5149135348837209 0.5313982214285714 0.48029138759689927 0.5398359535714286 0.46931514987080103 0.5548461 0.46636952971576223 0.5939399607142857 0.47439780103359175 0.64132395 0.4831090826873385 0.6474243607142857 0.48740663049095606 0.6655650000000001 0.49080054521963823 0.6688495857142858 0.5075447932816538 0.6757334285714286 0.5163699069767441 0.6749532357142858 0.5537076563307494 0.6644831178571429 0.5626466072351421 0.6568223321428572 0.5729445297157623 0.6364952107142857 0.5697806330749353 0.5961491535714286
5 0.6101801834625323 0.5164042999999999 0.618213149870801 0.5171877357142858 0.6227407157622739 0.4982669035714286 0.6162943927648579 0.4710559392857143 0.6165197131782946 0.480595025 0.6114276692506461 0.4873182857142857 0.6106331757105944 0.5121821857142858 0.6029393643410853 0.5140572392857142 0.6033923565891472 0.5098351285714285 0.6080314082687338 0.5073339821428572 0.6033947028423773 0.48653485357142856 0.6024934160206719 0.4483785142857143 0.6074716253229975 0.4485358535714286 0.6145986098191214 0.45776351071428567 0.6169750542635659 0.4530726357142857 0.6147124444444445 0.4508829107142857 0.6152792713178294 0.43978020714285715 0.6118853565891473 0.43649561785714286 0.5849570206718346 0.4430582964285715 0.5705868682170543 0.4547838607142857 0.5312118320413437 0.47260334285714284 0.524196338501292 0.4797953642857143 0.5154827080103359 0.4969952357142858 0.5127647596899225 0.5223279 0.5290560155038759 0.5334338535714286 0.5489688552971577 0.5340632000000001 0.5546253772609819 0.5395375071428572 0.5619776847545219 0.55830425 0.597731134366925 0.550961375 0.6040683204134367 0.5384523821428572 0.6039568320413436 0.5220326964285714 0.6089350439276485 0.5221900357142857 0.6101801834625323 0.5164042999999999
5 0.564477354005168 0.45353166071428574 0.5814492713178295 0.44665431071428574 0.5868804728682171 0.4425895357142857 0.587333465116279 0.43836742500000003 0.5820160981912145 0.4355516 0.532006330749354 0.4477394357142857 0.5297437183462532 0.44554971428571427 0.5012310878552971 0.45523964285714286 0.49534689405684756 0.46352652857142856 0.5010010671834626 0.49230111785714287 0.5043949819121447 0.49558569999999996 0.5148043953488372 0.4916782607142857 0.523857180878553 0.4771368785714285 0.5327961291989665 0.46947608928571427 0.5574618552971576 0.4607236892857143 0.564477354005168 0.45353166071428574
5 0.5767034263565891 0.386135225 0.5649373901808786 0.37940871785714286 0.5299760852713178 0.3851879642857143 0.5245448837209302 0.3892527392857143 0.5166234031007751 0.4048889857142857 0.5092687493540051 0.40942252142857144 0.5037237157622739 0.4203678928571429 0.5044020284237726 0.4256848678571428 0.5176385271317829 0.43616472142857143 0.523973361757106 0.4469560035714286 0.5297437183462532 0.44554971428571427 0.532006330749354 0.4477394357142857 0.578961338501292 0.4349255071428571 0.5811124625322998 0.42069554642857143 0.5855261937984496 0.4086553107142857 0.5845087235142119 0.4006798535714286 0.5767034263565891 0.386135225
5 0.6665365271317829 0.39850635714285715 0.6720815633074936 0.38756098214285717 0.6665388733850128 0.375206075 0.6563571317829457 0.36535232142857144 0.6437989483204134 0.3601894392857143 0.634181684754522 0.36253325357142857 0.6319190749354006 0.3603435321428572 0.6207175167958656 0.36581459285714285 0.6137020180878553 0.37300661785714284 0.5979752403100775 0.37409823571428574 0.585753865633075 0.39489411785714285 0.588016472868217 0.3970838428571429 0.5890339431524547 0.4050593 0.5846202118863049 0.41709953214285717 0.5871081447028423 0.42882834285714283 0.591294204134367 0.43054930357142857 0.6009114677002584 0.4282054892857143 0.6098504160206718 0.4205447 0.6194676795865633 0.4182008857142857 0.6362119276485788 0.4250847285714286 0.6475249741602067 0.43603334642857144 0.6525031834625323 0.43619068214285717 0.6540874806201551 0.43306343214285714 0.6530700103359173 0.425087975 0.6583897235142119 0.4046035178571428 0.6665365271317829 0.39850635714285715
5 0.6365510852713179 0.4277432142857143 0.6239928992248062 0.4225803321428571 0.6182225426356589 0.42398662142857146 0.6158460981912145 0.4286774964285714 0.6187870206718346 0.4361841928571429 0.6215002713178295 0.4574520821428571 0.6199159767441861 0.4605793321428571 0.6209334470284238 0.4685547928571429 0.6231960568475452 0.47074451428571423 0.6216117596899224 0.47387176071428566 0.6229683875968992 0.4845057071428571 0.6286249095607235 0.4899800178571428 0.6420890775193798 0.486698675 0.6443516873385013 0.4888884035714286 0.6531768010335918 0.48810821071428573 0.6566845503875969 0.48451220000000006 0.6597416563307493 0.46183802142857144 0.6557832635658916 0.4463558642857143 0.6365510852713179 0.4277432142857143
5 0.6545310801033591 0.5220424357142858 0.6276027441860466 0.5286051142857143 0.625226299741602 0.5332959892857143 0.6272612403100776 0.5492469071428571 0.6295238475452196 0.5514366285714285 0.6344997105943152 0.5748942464285715 0.6374406330749354 0.5824009392857142 0.6408345452196382 0.585685525 0.6435501472868217 0.5836531357142857 0.656788992248062 0.5708327142857142 0.6616557157622739 0.5545703714285715 0.6601876046511628 0.5275167428571429 0.6545310801033591 0.5220424357142858
5 0.7350860749354006 0.5394158642857143 0.7311276821705427 0.5239337107142857 0.7209459405684755 0.5140799571428571 0.7100835374677003 0.5222095071428571 0.7029542067183462 0.5362821285714285 0.7072517545219639 0.5544227678571428 0.7015928811369508 0.5722487392857143 0.702271196382429 0.5775657107142858 0.7056651085271318 0.5808502964285714 0.7159606847545219 0.5838234535714285 0.717544984496124 0.5806962071428572 0.7225231912144703 0.5808535392857143 0.7357620387596899 0.5680331178571428 0.739383622739018 0.5575565071428572 0.737348684754522 0.5416055928571428 0.7350860749354006 0.5394158642857143
5 0.7229832273901808 0.5067305964285714 0.7209482868217054 0.4907796785714285 0.7130291550387596 0.4831156464285714 0.7072587984496125 0.48452193214285716 0.705674503875969 0.4876491857142857 0.6845165245478037 0.49280557499999994 0.6824792351421188 0.5001549357142857 0.6838358604651162 0.5107888821428571 0.6935646124031009 0.5248647464285714 0.7014837441860464 0.5325287821428571 0.70419934625323 0.5304963928571429 0.7120069896640826 0.5217407464285715 0.7132521291989664 0.5159550071428571 0.719022488372093 0.5145487178571428 0.7229832273901808 0.5067305964285714
5 0.6918453488372093 0.7445750964285714 0.6795148320413437 0.7256510214285714 0.675556441860465 0.7101688678571428 0.6706920645994833 0.7031309321428572 0.646934669250646 0.6801388357142857 0.6306410671834626 0.6923331607142857 0.6207961317829457 0.7084381678571429 0.5964695607235142 0.7198490607142857 0.5847011757105943 0.7364228321428572 0.5808542713178295 0.7373603571428572 0.5756483901808785 0.7509642142857142 0.5792676279069767 0.7637878857142858 0.5917119767441861 0.7758313607142857 0.6087953824289406 0.7853736928571428 0.6292750465116279 0.7749003250000001 0.6414940775193798 0.7774047214285714 0.6653676563307493 0.7702159428571428 0.6770222067183462 0.7605227678571428 0.6847160180878553 0.7586477178571428 0.6917315167958658 0.7514556928571429 0.6918453488372093 0.7445750964285714
5 0.6883469922480621 0.6549699964285715 0.6846162713178295 0.6257266464285715 0.6605197157622739 0.6000760607142858 0.6498849844961241 0.5944444178571429 0.6360816589147287 0.5950672714285714 0.6344973643410853 0.5981945214285714 0.6152628372093023 0.60288215 0.5970457777777778 0.6155452357142858 0.5855050645994833 0.6183578142857142 0.5831286201550387 0.6230486892857142 0.5898002635658914 0.6597987357142857 0.5954567881136951 0.6652730428571428 0.6012271472868217 0.6638667535714285 0.6198948449612403 0.6702818357142857 0.6356216227390181 0.6691902178571429 0.6598320103359173 0.6879602035714286 0.668317968992248 0.6845215285714286 0.6738630051679587 0.6735761571428571 0.6777099121447028 0.6726386285714286 0.6863097054263566 0.6623193571428572 0.6883469922480621 0.6549699964285715
5 0.6374406330749354 0.5824009392857142 0.635178023255814 0.5802112142857142 0.6338213979328166 0.5695772714285715 0.6282787080103359 0.5572223642857144 0.6226221860465116 0.5517480571428571 0.6149283746770026 0.5536231107142857 0.6126657674418605 0.5514333821428571 0.603048503875969 0.5537771964285714 0.6014642067183462 0.55690445 0.5972781447028425 0.5551834857142858 0.5799670697674418 0.5594023535714285 0.5777044625322998 0.5572126321428572 0.5661637467700258 0.5600252071428572 0.5626559974160207 0.5636212178571428 0.5632204754521963 0.5758187892857143 0.5684240077519379 0.5855152107142857 0.5704589483204134 0.601466125 0.5733998682170542 0.6089728214285715 0.5790563927648579 0.6144471321428572 0.5905971085271318 0.6116345571428572 0.5921814031007752 0.6085073035714286 0.596367465116279 0.6102282678571428 0.6029299715762274 0.6072583535714285 0.6191097416020672 0.601944625 0.62069403875969 0.598817375 0.6380051111111111 0.5945985107142857 0.6374406330749354 0.5824009392857142
5 0.5964695607235142 0.7198490607142857 0.6003164677002584 0.7189115357142857 0.605408511627907 0.7121882714285714 0.6169492273901809 0.7093756964285713 0.6376565633074935 0.6851411357142857 0.6377703979328165 0.6782605392857143 0.6282669715762274 0.6737237571428571 0.6102775813953488 0.67262565 0.6015663023255814 0.6665252428571429 0.595795945736434 0.6679315321428572 0.5867455064599484 0.6591726357142857 0.5758831059431524 0.6673021857142858 0.5703380697674418 0.6782475607142857 0.5623004056847545 0.7240646821428571 0.5575475167958657 0.7334464285714286 0.5595824573643411 0.7493973464285714 0.5694250413436692 0.7565926142857143 0.5740640956072351 0.7540914642857143 0.5808542713178295 0.7373603571428572 0.5894540645994831 0.7270410857142857 0.5933009715762274 0.7261035607142857 0.5964695607235142 0.7198490607142857
5 0.5032401989664083 0.7274936214285714 0.49916797157622744 0.7188920607142857 0.4949819095607235 0.7171711035714285 0.4857038036175711 0.7221734035714286 0.4757473850129199 0.7218587321428571 0.46646927906976743 0.7268610285714285 0.46228321705426356 0.7251400714285714 0.4587754677002584 0.7287360821428571 0.4551562325581396 0.7159124142857143 0.4310573281653747 0.7135621071428572 0.4270965891472868 0.7213802321428572 0.43049050387596904 0.7246648178571429 0.43592170542635655 0.7206000464285715 0.4393156201550387 0.7238846285714285 0.4393132713178295 0.7471849071428571 0.4359193565891473 0.7439003214285714 0.43682533850129196 0.7354561 0.43343142635658916 0.7321715142857143 0.42189071059431527 0.7349840928571428 0.4196281033591731 0.7327943678571428 0.41691250129198965 0.7348267535714286 0.41521436950904395 0.7448346 0.4087656976744186 0.7409239178571428 0.3993737571059432 0.7528068142857143 0.39812861757105944 0.75859255 0.40287680878552967 0.7958113607142857 0.41113509819121447 0.8061338785714286 0.4303696253229974 0.8014462464285714 0.43263223255813954 0.803635975 0.46612307493540056 0.7941033785714287 0.488979188630491 0.7789391392857142 0.5012005633074935 0.7581432571428571 0.5049359819121447 0.7407860535714286 0.5032401989664083 0.7274936214285714
5 0.5001901369509044 0.6802669642857143 0.49566491731266155 0.6758875178571428 0.48797110852713177 0.6777625678571428 0.4845771963824289 0.6744779821428571 0.47994048837209297 0.6536788571428571 0.4765465736434108 0.6503942714285714 0.4601414832041344 0.6461689142857143 0.458557188630491 0.6492961642857144 0.4489399250645995 0.6516399785714285 0.43988714211886304 0.6661813642857143 0.4377360180878553 0.6804113214285715 0.43977095865633076 0.6963622392857143 0.4502918552971576 0.7088744785714286 0.4731456175710594 0.7170105214285715 0.48083942894056847 0.7151354678571429 0.48310203875968993 0.7173251928571429 0.505052165374677 0.7106051785714286 0.5136519586563307 0.7002859035714285 0.5142187855297158 0.6891831928571429 0.5040370439276486 0.6793294392857143 0.5001901369509044 0.6802669642857143
5 0.37143264599483206 0.7047934821428571 0.3688308785529716 0.6999452714285714 0.3697368630490956 0.69150105 0.37369760206718344 0.6836829249999999 0.3818444031007752 0.6775857642857144 0.3785643255813953 0.667420582142857 0.3709843488372093 0.6624150357142857 0.3575201834625323 0.665696375 0.3519751472868217 0.6766417464285714 0.3514083178294574 0.6877444571428571 0.3471084237726098 0.6929040928571428 0.34111039534883725 0.7080715785714286 0.3202915710594315 0.7158864535714285 0.31474653746770026 0.726831825 0.32040071317829455 0.7556064107142857 0.32899815762273904 0.7685874142857143 0.3331842170542636 0.7703083785714285 0.3366919664082687 0.7667123642857143 0.34823268217054265 0.7638997857142857 0.35920657364341085 0.7721899178571429 0.3649769302325581 0.7707836321428571 0.3672395400516796 0.7729733535714285 0.3738020465116279 0.7700034428571428 0.37470802842377265 0.7615592214285715 0.37210626356589144 0.7567110107142857 0.3687146976744186 0.7301261464285714 0.37143264599483206 0.7047934821428571
5 0.5577798837209302 0.6730846785714285 0.554385968992248 0.6698000892857143 0.5477096279069767 0.6796506035714286 0.5419392713178295 0.6810568928571429 0.5403549741602067 0.6841841392857143 0.5249673540051679 0.6879342428571429 0.5079930878552972 0.7181118714285715 0.5124021240310077 0.7526721964285714 0.5206604134366924 0.7629947142857143 0.5272229198966408 0.7600248 0.5414792351421188 0.7551798357142857 0.5563023772609819 0.7392321642857143 0.5637732144702843 0.70451775 0.5577798837209302 0.6730846785714285
5 0.8179013281653746 0.5822793 0.8122448062015503 0.5768049892857142 0.7996866175710594 0.5716421107142857 0.7813580775193799 0.5678855178571429 0.7658589664082688 0.5552159392857143 0.7447009896640826 0.5603723321428572 0.7411932428940569 0.5639683428571428 0.749107677002584 0.6182329285714285 0.7539720516795866 0.6252708642857142 0.7553286795865634 0.6359048107142857 0.7575912868217055 0.6380945321428572 0.7580419302325582 0.6571726999999999 0.7907406253229974 0.6492037321428571 0.8200454082687338 0.6379501785714286 0.8316999586563307 0.6282570035714286 0.8289867054263567 0.6069891142857143 0.8179013281653746 0.5822793
5 0.8415542816537468 0.5189508821428572 0.840875968992248 0.5136339071428572 0.8334098294573643 0.5017477642857143 0.8171185736434109 0.49064181428571424 0.8110090594315245 0.48938961428571426 0.7686930981912146 0.49970239642857145 0.7581698527131784 0.5104904357142857 0.7543229483204135 0.5114279607142856 0.7503622093023256 0.5192460821428572 0.752057992248062 0.5325385142857143 0.7598632894056847 0.5470831428571429 0.7693667157622739 0.5516199285714285 0.7753623979328166 0.5597527214285715 0.7874675891472868 0.5691377142857144 0.7996866175710594 0.5716421107142857 0.8043256744186047 0.5691409607142857 0.818470503875969 0.5478763142857144 0.8276371240310078 0.5264543321428572 0.8372543875968992 0.5241105178571429 0.8415542816537468 0.5189508821428572
5 0.7798946589147286 0.4942313357142857 0.7838553979328166 0.48641321428571427 0.7812536330749353 0.48156500357142856 0.780236165374677 0.4735895428571429 0.7818204599483205 0.47046229285714286 0.7788795374677002 0.4629555964285714 0.776166284237726 0.4416877071428571 0.7705097596899224 0.43621340000000003 0.7374719095607235 0.4415238785714286 0.7358876124031007 0.4446511321428572 0.7262703514211886 0.44699494642857146 0.7188018604651162 0.4584090821428572 0.7204976434108527 0.47170151071428573 0.7189133488372094 0.47482876071428576 0.7249066795865633 0.5062618321428571 0.7278476020671836 0.5137685285714285 0.7357667364341086 0.5214325607142857 0.7404057881136951 0.5189314142857142 0.7562464031007752 0.5109592000000001 0.766769645994832 0.5001711607142857 0.7744634573643411 0.4982961071428571 0.7798946589147286 0.4942313357142857
5 0.7247998888888888 0.4432415964285714 0.7237824186046511 0.4352661392857143 0.7203885064599482 0.4319815535714286 0.7146181472868217 0.4333878428571429 0.7117887131782945 0.44230082499999995 0.7095261033591732 0.44011110000000003 0.7037557441860466 0.4415173892857143 0.701946126614987 0.43510555714285715 0.698891369509044 0.43447945714285713 0.6979853850129198 0.44292367857142856 0.6633632403100774 0.45136141071428576 0.660986795865633 0.45605228214285715 0.6648313514211887 0.47841503571428573 0.6686782583979328 0.47747751071428574 0.6861008191214469 0.48967832499999997 0.6918711757105943 0.48827203571428573 0.6941337855297157 0.49046176071428577 0.6987728397932816 0.48796061071428576 0.712350842377261 0.47779867499999995 0.7163115839793281 0.46998054999999994 0.7165392532299741 0.45621935357142857 0.7247998888888888 0.4432415964285714
5 0.6979877338501292 0.4196234035714286 0.6959527932816537 0.40367248214285717 0.6918805684754522 0.39507092857142856 0.6773989302325581 0.39037680357142857 0.6642762661498708 0.3730163535714286 0.6521710723514212 0.36363136071428576 0.6319190749354006 0.3603435321428572 0.6117785658914728 0.37347538214285714 0.59989869250646 0.373629475 0.5873381602067184 0.3917668678571428 0.5890339431524547 0.4050593 0.5846202118863049 0.41709953214285717 0.5871081447028423 0.42882834285714283 0.591294204134367 0.43054930357142857 0.6198068372093024 0.42085937500000004 0.632025865633075 0.42336376785714286 0.6423214418604651 0.42633692500000003 0.6614397855297157 0.45183017142857146 0.665625850129199 0.45355113571428574 0.6760352583979329 0.44964369642857144 0.6902915762273901 0.44479872857142855 0.6926680206718346 0.4401078571428571 0.6944799870801034 0.4232194142857143 0.6979877338501292 0.4196234035714286
5 0.8530996950904393 0.46953775000000003 0.8485744754521964 0.46515830357142857 0.8456335529715762 0.45765160714285713 0.8406553436692507 0.4574942678571429 0.8316049043927648 0.44873537857142853 0.8254953901808786 0.44748317857142855 0.8187075633074936 0.44091400714285717 0.8084119870801033 0.43794085 0.8038867700258397 0.43356140000000004 0.8011711679586564 0.4355937892857143 0.802188638242894 0.44356924642857143 0.8044512480620155 0.4457589714285714 0.7978887416020671 0.44872888214285717 0.794494826873385 0.4454443 0.7957399664082687 0.43965856785714286 0.7897442868217054 0.43152577142857146 0.7862365374677003 0.4351217821428571 0.7832956175710594 0.42761508571428575 0.7762801188630492 0.43480711071428574 0.7775229121447028 0.45232165357142856 0.7820481291989664 0.45670109642857143 0.7804638320413437 0.45982835 0.7845337131782946 0.49173018214285713 0.8145168062015504 0.4857936035714286 0.8190420258397934 0.49017305000000005 0.8206263204134366 0.48704580000000003 0.8243593927648579 0.4929888714285714 0.8293376020671834 0.4931462107142857 0.8327315142118863 0.4964307964285714 0.8334098294573643 0.5017477642857143 0.8368037416020672 0.5050323499999999 0.8375958914728682 0.5034687285714287 0.8441583979328166 0.5004988142857143 0.8508347364341085 0.49064830357142863 0.854456322997416 0.48017169285714284 0.8530996950904393 0.46953775000000003
5 0.8064838397932816 0.4850101678571429 0.8108975710594315 0.4729699321428571 0.8171209198966408 0.46734153571428566 0.8154251369509044 0.4540491035714285 0.8050180723514212 0.4346562642857143 0.788501496124031 0.4140112285714285 0.77413369250646 0.4024365107142857 0.76677903875969 0.40697005 0.7452819018087856 0.40946795357142857 0.7343080129198967 0.401177825 0.7016093178294573 0.4091467928571429 0.6992328759689922 0.4138376642857143 0.7017184573643411 0.44886675 0.7073749819121448 0.45434105714285716 0.7147296330749354 0.44980752142857144 0.7181235478036175 0.45309210714285714 0.7178958785529717 0.4668533035714286 0.7206091317829458 0.4881211928571429 0.7264909767441861 0.5031345857142857 0.725584992248062 0.5115788071428571 0.7361058940568475 0.52409105 0.7445918501291989 0.5206523714285715 0.7504760439276487 0.5123654857142856 0.7600933049095607 0.5100216750000001 0.766769645994832 0.5001711607142857 0.8064838397932816 0.4850101678571429
5 0.8182569224806202 0.4218358392857143 0.8088649793281655 0.43371873571428576 0.8125980490956072 0.43966181071428573 0.8361301240310077 0.45311482142857146 0.8530996950904393 0.46953775000000003 0.8537780077519379 0.47485471785714284 0.8571719224806201 0.4781393035714286 0.8598875219638243 0.4761069178571428 0.8611326614987079 0.4703211821428572 0.8560453126614987 0.4304438857142857 0.84360096124031 0.4184004107142857 0.8182569224806202 0.4218358392857143
5 0.959219354005168 0.5396153892857143 0.9520970671834625 0.48378717857142856 0.9461013850129198 0.4756543821428571 0.916571284237726 0.47736884999999996 0.9076323333333334 0.4850296392857143 0.8999385219638243 0.4869046892857143 0.8924700335917313 0.49831882499999997 0.8955224418604651 0.5222452 0.9059295064599483 0.5416380392857143 0.9089819173126615 0.5655644214285714 0.9123758294573644 0.5688490035714286 0.9181461886304909 0.5674427178571428 0.9204087958656331 0.5696324392857143 0.932741661498708 0.5652562357142857 0.9546917881136952 0.5585362214285714 0.9586525297157623 0.5507180964285714 0.9576350594315245 0.5427426392857143 0.959219354005168 0.5396153892857143
5 0.8913363824289405 0.5205242428571429 0.8896405994832041 0.5072318107142858 0.8873779896640827 0.5050420892857144 0.886360519379845 0.497066625 0.8911134056847545 0.4876848785714285 0.8877194935400516 0.48440029285714287 0.8739161705426356 0.48502314999999996 0.8674674961240311 0.4811124642857143 0.8578502351421189 0.4834562785714286 0.848005299741602 0.4995612892857143 0.8459680129198965 0.5069106464285714 0.8473246408268733 0.5175445928571428 0.8457403436692507 0.5206718428571429 0.8480029534883721 0.5228615678571429 0.8490204237726098 0.530837025 0.8674604521963825 0.5510133 0.8700622196382429 0.5558615071428571 0.8720971602067183 0.5718124250000001 0.8769615322997416 0.5788503607142857 0.8776398475452196 0.5841673321428572 0.8810337596899225 0.5874519178571429 0.8952900775193798 0.58260695 0.9034368811369509 0.5765097892857143 0.9067193049095608 0.5633746928571428 0.904006054263566 0.5421068035714286 0.8913363824289405 0.5205242428571429
5 0.8720971602067183 0.5718124250000001 0.8704013772609819 0.5585199928571428 0.8677996098191215 0.5536717857142857 0.8629352377260983 0.54663385 0.8372543875968992 0.5241105178571429 0.8279762790697675 0.5291128178571428 0.8165470490956073 0.5483450785714286 0.8097568733850129 0.5650761857142856 0.8107743436692507 0.5730516428571429 0.8160917105943153 0.5758674642857142 0.8198247803617572 0.5818105392857142 0.8208422506459948 0.5897859964285713 0.8257066253229974 0.5968239285714286 0.8319276279069767 0.6144958107142857 0.8353215426356588 0.6177803928571428 0.8418840490956072 0.6148104785714286 0.8670027648578812 0.6018359678571429 0.8779790025839793 0.5868258178571428 0.8769615322997416 0.5788503607142857 0.8720971602067183 0.5718124250000001