5 0.07974160206718346 0.4833214285714286 0.1594573643410853 0.9574285714285714
3 0.502687338501292 0.9586428571428572 0.9847028423772609 0.07017857142857135
5 0.576124031007752 0.47275 0.8475193798449613 0.9346428571428573
3 0 0.5655447821428572 0.011718749354005168 0.5655447821428572 0.270507811369509 0.5210030678571428 0.385742188630491 0.512904575 0.4296874987080103 0.48455985 0.39941406201550383 0.47781110357142853 0.364257811369509 0.49130859285714285 0.008789062015503876 0.5183035714285714 0 0.5223528178571429 0 0.5655447821428572
3 0.2939453126614987 0.66677595 0.31152343669250643 0.66407645 0.333007811369509 0.6289829785714285 0.3574218759689923 0.6168352392857143 0.36523437467700254 0.5790422714285715 0.3476562506459948 0.573643275 0.370117188630491 0.5695940285714285 0.40625 0.5169538214285715 0.004882811369509044 0.5695940285714285 0.003906250645994832 0.7815046035714286 0.2841796873385013 0.6991699214285714 0.2939453126614987 0.66677595
5 0.5244140620155039 0.6748744428571428 0.5419921886304909 0.6721749428571429 0.5546874987080104 0.6546282071428571 0.5546874987080104 0.6465297142857143 0.5458984366925065 0.6424804678571429 0.4970703126614987 0.6397809714285715 0.495117188630491 0.6370814714285714 0.4658203126614987 0.6370814714285714 0.46289062532299746 0.6411307214285714 0.4648437493540052 0.6600272035714285 0.4677734366925065 0.66677595 0.4814453126614987 0.6721749428571429 0.495117188630491 0.6856724321428571 0.5009765633074935 0.6883719321428572 0.5175781240310077 0.6870221821428572 0.5214843746770026 0.6843226857142858 0.5244140620155039 0.6748744428571428
5 0.5957031240310077 0.4305698928571428 0.5957031240310077 0.4224714 0.5917968759689923 0.4089739107142857 0.5810546873385013 0.3968261714285714 0.5439453126614987 0.394126675 0.5380859379844961 0.3968261714285714 0.5273437493540052 0.4143729071428571 0.5273437493540052 0.4197719035714286 0.5361328113695091 0.4292201464285714 0.5458984366925065 0.4292201464285714 0.5517578113695091 0.4346191392857143 0.5634765633074935 0.4373186392857143 0.5771484366925065 0.453515625 0.5878906253229974 0.452165875 0.5878906253229974 0.4440673821428571 0.5957031240310077 0.4305698928571428
5 0.495117188630491 0.47511160714285716 0.4980468759689923 0.4710623607142857 0.5009765633074935 0.4589146214285714 0.5205078113695091 0.453515625 0.5234374987080104 0.44676688214285715 0.5214843746770026 0.44136788571428576 0.495117188630491 0.4076241642857143 0.4833984366925065 0.4049246642857143 0.4814453126614987 0.40222516785714285 0.4716796873385013 0.4049246642857143 0.458007811369509 0.41572265714285717 0.44335937467700254 0.4386683857142857 0.44335937467700254 0.4710623607142857 0.448242188630491 0.47781110357142853 0.46289062532299746 0.4791608535714286 0.4697265633074935 0.47511160714285716 0.495117188630491 0.47511160714285716
5 0.5078125012919896 0.5250523142857143 0.5117187493540052 0.5115548285714286 0.515625 0.5061558321428572 0.515625 0.5007568357142858 0.5126953126614987 0.4967075892857143 0.5029296873385013 0.4967075892857143 0.4990234366925065 0.4886090964285715 0.49316406201550383 0.49130859285714285 0.4833984366925065 0.4859096 0.473632811369509 0.4859096 0.4677734366925065 0.48051060357142855 0.4667968759689923 0.5304513107142856 0.4697265633074935 0.5345005571428572 0.4960937493540052 0.5331508107142857 0.5048828113695091 0.5291015642857143 0.5078125012919896 0.5250523142857143
5 0.4667968759689923 0.5115548285714286 0.46875 0.5034563321428571 0.4648437493540052 0.4872593464285714 0.45996093798449617 0.48051060357142855 0.44628906201550383 0.48051060357142855 0.442382811369509 0.4859096 0.4189453126614987 0.5021065857142857 0.4101562506459948 0.5169538214285715 0.4101562506459948 0.5250523142857143 0.4228515633074935 0.5318010607142858 0.4414062506459948 0.5547467928571429 0.4453125012919897 0.5709437785714286 0.4492187493540052 0.5709437785714286 0.4667968759689923 0.5331508107142857 0.4667968759689923 0.5115548285714286
5 0.3925781240310077 0.6195347392857143 0.4072265633074935 0.5992885035714286 0.44335937467700254 0.5790422714285715 0.44335937467700254 0.5682442785714286 0.4375 0.5520472928571428 0.4228515633074935 0.5318010607142858 0.41503906201550383 0.5264020642857142 0.4091796873385013 0.5264020642857142 0.38085937467700254 0.5547467928571429 0.3671874987080103 0.5817417678571429 0.3613281240310077 0.60333775 0.3632812506459948 0.6114362428571428 0.3613281240310077 0.633032225 0.3632812506459948 0.6384312214285714 0.3740234366925065 0.6505789607142857 0.385742188630491 0.6559779571428571 0.390625 0.6546282071428571 0.390625 0.6249337321428572 0.3925781240310077 0.6195347392857143
5 0.4199218759689923 0.6708251964285714 0.4199218759689923 0.6573277071428572 0.42871093798449617 0.6424804678571429 0.4345703126614987 0.6397809714285715 0.4501953126614987 0.6424804678571429 0.4550781240310077 0.6384312214285714 0.4511718759689923 0.6222342357142857 0.4511718759689923 0.60603725 0.4394531240310077 0.5520472928571428 0.4208984366925065 0.5291015642857143 0.4091796873385013 0.5264020642857142 0.38378906201550383 0.5506975428571429 0.36914062532299746 0.576342775 0.3613281240310077 0.6006382535714285 0.3632812506459948 0.6195347392857143 0.359375 0.6303327285714286 0.3720703126614987 0.6505789607142857 0.4033203126614987 0.66677595 0.4228515633074935 0.6910714285714286 0.4335937493540052 0.6897216785714286 0.43164062532299746 0.6789236892857143 0.4199218759689923 0.6708251964285714
5 0.5419921886304909 0.6694754464285714 0.5546874987080104 0.6519287107142857 0.5566406253229974 0.6114362428571428 0.5527343746770026 0.5952392571428571 0.5527343746770026 0.576342775 0.5507812506459948 0.5601457857142857 0.5419921886304909 0.54529855 0.5341796873385013 0.54529855 0.5107421886304909 0.5345005571428572 0.47558593798449617 0.5345005571428572 0.46289062532299746 0.5466482964285714 0.4550781240310077 0.5844412678571428 0.4570312506459948 0.633032225 0.4648437493540052 0.6411307214285714 0.4667968759689923 0.6600272035714285 0.4697265633074935 0.66407645 0.4853515633074935 0.6748744428571428 0.49414062532299746 0.6762241892857143 0.5322265633074935 0.6748744428571428 0.5419921886304909 0.6694754464285714
5 0.5996093746770026 0.5466482964285714 0.6044921886304909 0.5479980464285714 0.6064453126614987 0.54259905 0.6142578113695091 0.54529855 0.6210937493540052 0.5277518142857143 0.6181640620155039 0.49940708571428566 0.6171874987080104 0.5088553285714286 0.6113281240310077 0.514254325 0.6074218759689923 0.5385498035714286 0.5996093746770026 0.5385498035714286 0.6005859379844961 0.5345005571428572 0.6054687493540052 0.5331508107142857 0.6035156253229974 0.5115548285714286 0.6074218759689923 0.4737618571428572 0.6123046873385013 0.47511160714285716 0.6181640620155039 0.4859096 0.6210937493540052 0.48186035 0.6191406253229974 0.4791608535714286 0.6210937493540052 0.46836286428571433 0.6181640620155039 0.46431361428571427 0.5908203126614987 0.46431361428571427 0.5751953126614987 0.47241211071428574 0.5341796873385013 0.48051060357142855 0.5263671886304909 0.4859096 0.515625 0.5007568357142858 0.5097656253229974 0.5250523142857143 0.5244140620155039 0.5398995535714286 0.5439453126614987 0.54529855 0.5488281240310077 0.5520472928571428 0.5537109379844961 0.5722935285714286 0.5898437493540052 0.573643275 0.5976562506459948 0.5628452857142857 0.5996093746770026 0.5466482964285714
5 0.5361328113695091 0.47781110357142853 0.5615234366925065 0.47511160714285716 0.5693359379844961 0.4697126107142857 0.5869140620155039 0.46701311428571435 0.5927734366925065 0.46431361428571427 0.59375 0.4602643678571428 0.5888671886304909 0.45621512142857146 0.5380859379844961 0.45621512142857146 0.5361328113695091 0.453515625 0.5068359379844961 0.45621512142857146 0.5 0.4629638678571429 0.5019531240310077 0.49265834285714283 0.5048828113695091 0.4967075892857143 0.515625 0.4953578392857143 0.5263671886304909 0.4832101 0.5361328113695091 0.47781110357142853
5 0.5957031240310077 0.4305698928571428 0.5957031240310077 0.4224714 0.5898437493540052 0.4062744142857143 0.5791015633074935 0.3968261714285714 0.5439453126614987 0.394126675 0.5380859379844961 0.3968261714285714 0.5283203126614987 0.4103236607142857 0.5205078113695091 0.41302315714285714 0.5136718759689923 0.4224714 0.5136718759689923 0.42787039642857144 0.5253906253229974 0.44136788571428576 0.5302734366925065 0.453515625 0.5361328113695091 0.453515625 0.5380859379844961 0.45621512142857146 0.5859374987080104 0.454865375 0.5898437493540052 0.44136788571428576 0.5957031240310077 0.4305698928571428
5 0.6601562506459948 0.4629638678571429 0.6679687493540051 0.4440673821428571 0.6767578113695091 0.4400181357142857 0.6835937493540051 0.4305698928571428 0.6796874987080104 0.41707240357142855 0.6708984366925065 0.4049246642857143 0.6591796873385013 0.3968261714285714 0.6494140620155039 0.3968261714285714 0.6474609379844961 0.394126675 0.6357421886304909 0.3968261714285714 0.6279296873385013 0.40222516785714285 0.6123046873385013 0.3995256714285714 0.5976562506459948 0.41707240357142855 0.5996093746770026 0.4197719035714286 0.5996093746770026 0.42787039642857144 0.59375 0.4386683857142857 0.5947265633074935 0.45081612857142855 0.5986328113695091 0.453515625 0.6083984366925065 0.453515625 0.6181640620155039 0.4481166285714286 0.6279296873385013 0.4481166285714286 0.6435546873385013 0.4589146214285714 0.6533203126614987 0.47241211071428574 0.6582031240310077 0.4737618571428572 0.6601562506459948 0.4710623607142857 0.6601562506459948 0.4629638678571429
5 0.6621093746770026 0.5007568357142858 0.6601562506459948 0.48455985 0.6435546873385013 0.4616141178571428 0.6318359379844961 0.453515625 0.6259765633074935 0.453515625 0.6230468759689923 0.45756487142857144 0.625 0.46566336428571425 0.625 0.4872593464285714 0.6230468759689923 0.48995884642857146 0.6230468759689923 0.4980573392857143 0.625 0.5007568357142858 0.6230468759689923 0.5034563321428571 0.6230468759689923 0.514254325 0.6279296873385013 0.5210030678571428 0.6416015633074935 0.5210030678571428 0.6435546873385013 0.5237025678571429 0.6523437493540052 0.5250523142857143 0.65625 0.5223528178571429 0.6621093746770026 0.5007568357142858
5 0.6523437493540052 0.5925397607142857 0.6542968759689923 0.5655447821428572 0.6494140620155039 0.5587960392857143 0.6220703126614987 0.5587960392857143 0.6191406253229974 0.5628452857142857 0.6191406253229974 0.5790422714285715 0.6210937493540052 0.5817417678571429 0.6230468759689923 0.60603725 0.625 0.6141357428571429 0.6279296873385013 0.6181849892857143 0.6308593746770026 0.6168352392857143 0.6455078113695091 0.6073869964285714 0.6523437493540052 0.5925397607142857
5 0.7285156253229974 0.6141357428571429 0.7285156253229974 0.5979387571428572 0.7265625012919896 0.5952392571428571 0.7246093746770026 0.5790422714285715 0.7158203126614988 0.5668945321428571 0.7041015633074935 0.5722935285714286 0.6953125012919896 0.5844412678571428 0.6972656253229974 0.60333775 0.6894531240310077 0.6195347392857143 0.6894531240310077 0.6249337321428572 0.6923828113695091 0.6289829785714285 0.7021484366925065 0.6343819749999999 0.7041015633074935 0.6316824785714286 0.7089843746770026 0.633032225 0.7236328113695091 0.6235839857142857 0.7285156253229974 0.6141357428571429
5 0.7080078113695091 0.5668945321428571 0.7138671886304909 0.5668945321428571 0.71875 0.5601457857142857 0.71875 0.5439488 0.7119140620155039 0.5345005571428572 0.7060546873385012 0.5345005571428572 0.7041015633074935 0.5372000571428572 0.6826171886304909 0.5372000571428572 0.6796874987080104 0.5439488 0.6796874987080104 0.5547467928571429 0.6875 0.5709437785714286 0.6943359379844961 0.5803920214285715 0.6972656253229974 0.5790422714285715 0.7060546873385012 0.5722935285714286 0.7080078113695091 0.5668945321428571
5 0.6494140620155039 0.7990513392857143 0.6572265633074935 0.7936523428571428 0.6582031240310077 0.7869036 0.6484374987080104 0.7653076178571429 0.6464843746770026 0.7491106321428571 0.6425781240310077 0.7410121357142857 0.6220703126614987 0.7126674107142857 0.6044921886304909 0.7207659035714286 0.5927734366925065 0.7342633928571428 0.5673828113695091 0.7396623892857143 0.5537109379844961 0.7531598785714286 0.5498046873385013 0.7531598785714286 0.5429687493540052 0.7653076178571429 0.5449218759689923 0.7788051071428571 0.5556640620155039 0.7936523428571428 0.5712890620155039 0.8071498321428571 0.5927734366925065 0.8017508357142856 0.6044921886304909 0.8071498321428571 0.6289062506459948 0.8058000821428571 0.6416015633074935 0.7990513392857143 0.6494140620155039 0.7990513392857143
5 0.6533203126614987 0.7126674107142857 0.6630859379844961 0.7045689178571429 0.6660156253229974 0.6978201714285714 0.6660156253229974 0.6681256964285714 0.6455078113695091 0.6370814714285714 0.6357421886304909 0.6289829785714285 0.6220703126614987 0.6262834821428571 0.6201171886304909 0.6289829785714285 0.6005859379844961 0.6289829785714285 0.5810546873385013 0.6370814714285714 0.5693359379844961 0.6370814714285714 0.5664062506459948 0.6411307214285714 0.5683593746770026 0.6789236892857143 0.5732421886304909 0.6856724321428571 0.5791015633074935 0.6856724321428571 0.5966796873385013 0.696470425 0.6123046873385013 0.6991699214285714 0.6337890620155039 0.7234654 0.6425781240310077 0.7221156535714286 0.6494140620155039 0.7126674107142857 0.6533203126614987 0.7126674107142857
5 0.6064453126614987 0.6262834821428571 0.6240234366925065 0.6262834821428571 0.625 0.6141357428571429 0.6230468759689923 0.6114362428571428 0.6230468759689923 0.6006382535714285 0.6191406253229974 0.5871407642857143 0.6142578113695091 0.5803920214285715 0.6064453126614987 0.5803920214285715 0.6044921886304909 0.5776925214285714 0.5947265633074935 0.5776925214285714 0.5927734366925065 0.5803920214285715 0.5888671886304909 0.5776925214285714 0.5712890620155039 0.5776925214285714 0.5693359379844961 0.574993025 0.5576171886304909 0.574993025 0.5537109379844961 0.5776925214285714 0.5527343746770026 0.5898402607142857 0.5566406253229974 0.6006382535714285 0.5566406253229974 0.6168352392857143 0.5585937493540052 0.6249337321428572 0.5634765633074935 0.6316824785714286 0.5751953126614987 0.6316824785714286 0.5771484366925065 0.6289829785714285 0.5810546873385013 0.6316824785714286 0.5878906253229974 0.6303327285714286 0.6044921886304909 0.6289829785714285 0.6064453126614987 0.6262834821428571
5 0.5595703126614987 0.7450613857142857 0.5634765633074935 0.7450613857142857 0.5673828113695091 0.7396623892857143 0.5712890620155039 0.7396623892857143 0.5771484366925065 0.7342633928571428 0.5888671886304909 0.7342633928571428 0.6123046873385013 0.7153669071428571 0.6132812506459948 0.7086181642857142 0.6044921886304909 0.7018694214285714 0.5869140620155039 0.696470425 0.5791015633074935 0.6883719321428572 0.5732421886304909 0.6883719321428572 0.5654296873385013 0.6775739392857142 0.5537109379844961 0.6829729357142857 0.546875 0.6924211785714286 0.5332031240310077 0.7356131428571429 0.5273437493540052 0.7437116357142858 0.5273437493540052 0.7599086214285714 0.5361328113695091 0.7693568642857144 0.5410156253229974 0.7680071142857142 0.5498046873385013 0.7531598785714286 0.5595703126614987 0.7450613857142857
5 0.46875 0.7545096250000001 0.47460937467700254 0.7383126392857143 0.47460937467700254 0.72481515 0.4716796873385013 0.7153669071428571 0.4677734366925065 0.7126674107142857 0.458007811369509 0.7153669071428571 0.448242188630491 0.7126674107142857 0.4384765633074935 0.7153669071428571 0.4345703126614987 0.7126674107142857 0.43066406201550383 0.7153669071428571 0.42871093798449617 0.7018694214285714 0.4052734366925065 0.6937709249999999 0.40039062532299746 0.7005196714285714 0.4033203126614987 0.7045689178571429 0.4091796873385013 0.7018694214285714 0.41210937467700254 0.7059186678571429 0.4091796873385013 0.7288643964285715 0.40625 0.72481515 0.4082031240310077 0.7167166571428571 0.4052734366925065 0.7126674107142857 0.3935546873385013 0.7126674107142857 0.3916015633074935 0.7099679142857144 0.3886718759689923 0.7113176607142857 0.385742188630491 0.7207659035714286 0.379882811369509 0.7153669071428571 0.36914062532299746 0.72481515 0.3671874987080103 0.7302141464285714 0.3671874987080103 0.7680071142857142 0.3740234366925065 0.7801548535714286 0.3935546873385013 0.7801548535714286 0.395507811369509 0.7828543535714285 0.4296874987080103 0.7815046035714286 0.4541015633074935 0.7720563607142857 0.46875 0.7545096250000001
5 0.49023437467700254 0.6897216785714286 0.4814453126614987 0.6775739392857142 0.47753906201550383 0.6775739392857142 0.473632811369509 0.6721749428571429 0.4658203126614987 0.6721749428571429 0.46289062532299746 0.6681256964285714 0.4609374987080103 0.6465297142857143 0.458007811369509 0.6424804678571429 0.442382811369509 0.6343819749999999 0.4404296873385013 0.6370814714285714 0.43066406201550383 0.6370814714285714 0.4199218759689923 0.6492292142857142 0.41601562532299746 0.6627267035714286 0.41601562532299746 0.6789236892857143 0.4248046873385013 0.6937709249999999 0.44628906201550383 0.7072684142857143 0.4541015633074935 0.7072684142857143 0.4560546873385013 0.7099679142857144 0.47851562532299746 0.7086181642857142 0.4882812506459948 0.7005196714285714 0.49023437467700254 0.6897216785714286
5 0.3417968759689923 0.7221156535714286 0.3417968759689923 0.6951206750000001 0.3476562506459948 0.6708251964285714 0.3457031240310077 0.6654262 0.3476562506459948 0.6573277071428572 0.35253906201550383 0.6505789607142857 0.3613281240310077 0.6465297142857143 0.359375 0.635731725 0.35253906201550383 0.6289829785714285 0.338867188630491 0.6289829785714285 0.3320312506459948 0.6384312214285714 0.3300781240310078 0.6492292142857142 0.3251953126614987 0.6532784607142857 0.317382811369509 0.66677595 0.29589843669250643 0.6694754464285714 0.2890625012919897 0.6789236892857143 0.2910156253229974 0.7086181642857142 0.29785156330749357 0.7234654 0.301757811369509 0.7261649 0.30566406201550383 0.7234654 0.317382811369509 0.7234654 0.32714843669250643 0.7342633928571428 0.333007811369509 0.7342633928571428 0.33496093798449617 0.7369628892857142 0.3417968759689923 0.7356131428571429 0.34375 0.72751465 0.3417968759689923 0.7221156535714286
5 0.5253906253229974 0.7491106321428571 0.5371093746770026 0.7167166571428571 0.5351562506459948 0.6843226857142858 0.5322265633074935 0.6802734357142857 0.5244140620155039 0.6883719321428572 0.5185546873385013 0.6883719321428572 0.5166015633074935 0.6910714285714286 0.5009765633074935 0.6910714285714286 0.4804687493540052 0.7167166571428571 0.4804687493540052 0.7518101285714286 0.4873046873385013 0.7639578678571428 0.49414062532299746 0.7626081178571429 0.5087890620155039 0.7612583714285714 0.5253906253229974 0.7491106321428571
5 0.8105468759689923 0.7059186678571429 0.8105468759689923 0.6843226857142858 0.8027343746770026 0.6573277071428572 0.7978515633074935 0.6505789607142857 0.7861328113695091 0.6424804678571429 0.7685546873385012 0.6343819749999999 0.7548828113695091 0.6181849892857143 0.7333984366925065 0.6181849892857143 0.7294921886304909 0.6208844857142857 0.7304687493540051 0.6762241892857143 0.734375 0.6843226857142858 0.734375 0.6951206750000001 0.7363281240310077 0.6978201714285714 0.734375 0.7167166571428571 0.7675781240310077 0.7167166571428571 0.7978515633074935 0.7126674107142857 0.8105468759689923 0.7059186678571429
5 0.8193359379844961 0.6046875 0.8291015633074935 0.6046875 0.8339843746770026 0.6006382535714285 0.8339843746770026 0.5952392571428571 0.828125 0.5817417678571429 0.8134765633074935 0.5668945321428571 0.8076171886304909 0.564195032142857 0.7646484366925065 0.564195032142857 0.7529296873385012 0.5722935285714286 0.7490234366925065 0.5722935285714286 0.7441406253229974 0.5790422714285715 0.7441406253229974 0.5925397607142857 0.75 0.6087367464285715 0.7587890620155039 0.6154854928571428 0.7636718759689923 0.6249337321428572 0.7744140620155039 0.6370814714285714 0.7861328113695091 0.6424804678571429 0.7910156253229974 0.6411307214285714 0.8076171886304909 0.6235839857142857 0.8193359379844961 0.6046875
5 0.7626953126614988 0.564195032142857 0.7705078113695091 0.564195032142857 0.7763671886304909 0.5614955357142857 0.78125 0.5547467928571429 0.7792968759689923 0.5493477964285715 0.7792968759689923 0.5412493035714285 0.78125 0.5385498035714286 0.7792968759689923 0.5304513107142856 0.7792968759689923 0.5088553285714286 0.7744140620155039 0.5021065857142857 0.7412109379844961 0.49940708571428566 0.7392578113695091 0.5021065857142857 0.7294921886304909 0.5021065857142857 0.7207031240310077 0.5115548285714286 0.7207031240310077 0.5250523142857143 0.71875 0.5277518142857143 0.7207031240310077 0.5601457857142857 0.7226562506459949 0.5682442785714286 0.7294921886304909 0.5776925214285714 0.734375 0.576342775 0.7509765633074935 0.5722935285714286 0.7626953126614988 0.564195032142857
5 0.7167968759689923 0.5223528178571429 0.71875 0.5088553285714286 0.7285156253229974 0.4980573392857143 0.7285156253229974 0.48995884642857146 0.7255859379844961 0.4859096 0.7197265633074935 0.4859096 0.7158203126614988 0.4940080928571429 0.7138671886304909 0.49130859285714285 0.7080078113695091 0.49130859285714285 0.7070312506459949 0.48455985 0.7041015633074935 0.4832101 0.7021484366925065 0.49130859285714285 0.6669921886304909 0.49130859285714285 0.6640625012919896 0.4953578392857143 0.6650390620155039 0.5183035714285714 0.6689453126614988 0.5183035714285714 0.6845703126614988 0.5345005571428572 0.6904296873385012 0.5345005571428572 0.6923828113695091 0.5372000571428572 0.6972656253229974 0.5358503071428571 0.7119140620155039 0.5291015642857143 0.7167968759689923 0.5223528178571429
5 0.6972656253229974 0.4872593464285714 0.7011718759689923 0.4710623607142857 0.7050781240310077 0.46836286428571433 0.7050781240310077 0.452165875 0.7021484366925065 0.4427176357142857 0.6884765633074935 0.4346191392857143 0.6777343746770026 0.4143729071428571 0.6669921886304909 0.40222516785714285 0.6474609379844961 0.394126675 0.6259765633074935 0.40222516785714285 0.6142578113695091 0.3995256714285714 0.5996093746770026 0.4143729071428571 0.5996093746770026 0.42787039642857144 0.59375 0.4386683857142857 0.5947265633074935 0.45081612857142855 0.5986328113695091 0.453515625 0.6279296873385013 0.45081612857142855 0.6396484366925065 0.45621512142857146 0.6494140620155039 0.4616141178571428 0.6650390620155039 0.49130859285714285 0.6689453126614988 0.4940080928571429 0.6796874987080104 0.49265834285714283 0.6943359379844961 0.49130859285714285 0.6972656253229974 0.4872593464285714
5 0.8466796873385012 0.574993025 0.8515625012919896 0.5655447821428572 0.8515625012919896 0.5547467928571429 0.8476562506459949 0.5493477964285715 0.8457031240310077 0.5412493035714285 0.8408203126614988 0.5398995535714286 0.8330078113695091 0.5291015642857143 0.8271484366925065 0.5264020642857142 0.8212890620155039 0.5183035714285714 0.8115234366925065 0.512904575 0.8076171886304909 0.5075055785714285 0.8046874987080104 0.5088553285714286 0.8046874987080104 0.5169538214285715 0.8066406253229974 0.5196533214285713 0.7998046873385012 0.5210030678571428 0.796875 0.5169538214285715 0.7988281240310077 0.5115548285714286 0.7939453126614988 0.5021065857142857 0.7900390620155039 0.504806082142857 0.7880859379844961 0.4967075892857143 0.7802734366925065 0.5021065857142857 0.7792968759689923 0.5196533214285713 0.7832031240310077 0.5250523142857143 0.78125 0.5277518142857143 0.78125 0.5601457857142857 0.8115234366925065 0.5614955357142857 0.8154296873385012 0.5668945321428571 0.8173828113695091 0.564195032142857 0.8203125012919896 0.5709437785714286 0.8251953126614988 0.5722935285714286 0.828125 0.576342775 0.828125 0.5817417678571429 0.8310546873385012 0.5857910142857142 0.8320312506459949 0.5844412678571428 0.8388671886304909 0.5830915178571429 0.8466796873385012 0.574993025
5 0.7548828113695091 0.5722935285714286 0.7626953126614988 0.564195032142857 0.8037109379844961 0.5587960392857143 0.8095703126614988 0.5479980464285714 0.8164062506459949 0.5439488 0.8164062506459949 0.5304513107142856 0.8085937493540051 0.5088553285714286 0.7949218759689923 0.48455985 0.7822265633074935 0.4697126107142857 0.7744140620155039 0.47241211071428574 0.7529296873385012 0.4697126107142857 0.7431640620155039 0.4589146214285714 0.7099609379844961 0.4589146214285714 0.7070312506459949 0.4629638678571429 0.7050781240310077 0.4980573392857143 0.7099609379844961 0.504806082142857 0.7177734366925065 0.5021065857142857 0.7207031240310077 0.5061558321428572 0.71875 0.5196533214285713 0.71875 0.5412493035714285 0.7226562506459949 0.5574462892857143 0.7207031240310077 0.5655447821428572 0.7294921886304909 0.5803920214285715 0.7382812506459949 0.5790422714285715 0.7451171886304909 0.5722935285714286 0.7548828113695091 0.5722935285714286
5 0.859375 0.5169538214285715 0.8486328113695091 0.5021065857142857 0.8232421886304909 0.49940708571428566 0.8125 0.5088553285714286 0.8154296873385012 0.515604075 0.8369140620155039 0.5345005571428572 0.8515625012919896 0.5547467928571429 0.8515625012919896 0.5601457857142857 0.8544921886304909 0.564195032142857 0.8574218759689923 0.5628452857142857 0.859375 0.5574462892857143 0.859375 0.5169538214285715
5 0.9453125012919896 0.6600272035714285 0.9453125012919896 0.6519287107142857 0.9472656253229974 0.6492292142857142 0.9472656253229974 0.5925397607142857 0.9423828113695091 0.5830915178571429 0.9130859379844961 0.5776925214285714 0.9033203126614988 0.5830915178571429 0.8955078113695091 0.5830915178571429 0.8867187493540051 0.5925397607142857 0.8867187493540051 0.6168352392857143 0.8945312506459949 0.6384312214285714 0.8945312506459949 0.6627267035714286 0.8974609379844961 0.66677595 0.9033203126614988 0.66677595 0.9052734366925065 0.6694754464285714 0.9179687493540051 0.6681256964285714 0.9404296873385012 0.66677595 0.9453125012919896 0.6600272035714285
5 0.8925781240310077 0.6600272035714285 0.8925781240310077 0.6384312214285714 0.8828125012919896 0.6141357428571429 0.8828125012919896 0.6006382535714285 0.8808593746770026 0.5979387571428572 0.8808593746770026 0.5898402607142857 0.8867187493540051 0.5817417678571429 0.8837890620155039 0.5776925214285714 0.8701171886304909 0.574993025 0.8642578113695091 0.5695940285714285 0.8544921886304909 0.5695940285714285 0.8427734366925065 0.5830915178571429 0.8398437493540051 0.5898402607142857 0.8398437493540051 0.6006382535714285 0.8378906253229974 0.60333775 0.8398437493540051 0.60603725 0.8398437493540051 0.6141357428571429 0.8554687493540051 0.6384312214285714 0.8574218759689923 0.6438302178571428 0.8574218759689923 0.6600272035714285 0.8613281240310077 0.6681256964285714 0.8613281240310077 0.6735246928571429 0.8642578113695091 0.6775739392857142 0.8789062506459949 0.6762241892857143 0.8876953126614988 0.6721749428571429 0.8925781240310077 0.6600272035714285
5 0.8613281240310077 0.6762241892857143 0.8613281240310077 0.6681256964285714 0.8574218759689923 0.6600272035714285 0.8574218759689923 0.6465297142857143 0.8554687493540051 0.6411307214285714 0.8515625012919896 0.633032225 0.8291015633074935 0.6046875 0.8193359379844961 0.6073869964285714 0.8056640620155039 0.6235839857142857 0.796875 0.6384312214285714 0.796875 0.6465297142857143 0.8017578113695091 0.6505789607142857 0.8046874987080104 0.6573277071428572 0.8046874987080104 0.6654262 0.8085937493540051 0.6735246928571429 0.8125 0.6924211785714286 0.8154296873385012 0.696470425 0.8222656253229974 0.6951206750000001 0.8486328113695091 0.6883719321428572 0.8613281240310077 0.6762241892857143