3 0.36132812359550565 0.352871095 0.3583984382022472 0.34765625 0.3330078117977528 0.35113281 0.3212890617977528 0.340703125 0.3017578117977528 0.340703125 0.2880859382022472 0.33027344 0.2783203117977528 0.33027344 0.25976562359550565 0.366777345 0.26171875 0.384160155 0.2685546882022472 0.389375 0.2978515617977528 0.389375 0.2998046882022472 0.38589844 0.3056640617977528 0.389375 0.35351562359550565 0.38763672 0.36132812359550565 0.380683595 0.36132812359550565 0.352871095
5 0.36132812359550565 0.352871095 0.3583984382022472 0.34765625 0.3486328117977528 0.34765625 0.3388671882022472 0.354609375 0.3212890617977528 0.340703125 0.3017578117977528 0.340703125 0.2880859382022472 0.33027344 0.2783203117977528 0.33027344 0.25976562359550565 0.366777345 0.26171875 0.384160155 0.2685546882022472 0.389375 0.2978515617977528 0.389375 0.2998046882022472 0.38589844 0.3056640617977528 0.389375 0.35351562359550565 0.38763672 0.36132812359550565 0.384160155 0.36132812359550565 0.352871095
3 0.4111328117977528 0 0.3955078117977528 0.01738281 0.3740234382022472 0 0 0.008691405 0 0.67966797 0.0234375 0.68314453 0.012695311797752809 0.70574219 0 0.69357422 0.000976561797752809 0.99777344 0.640625 0.996035155 0.6650390617977529 0.99082031 0.6748046882022471 0.966484375 0.6845703117977529 0.98734375 0.6894531235955056 0.96126953 0.6796875 0.954316405 0.6923828117977529 0.94910156 0.7001953117977529 0.98734375 0.7041015617977529 0.94910156 0.7197265617977527 0.966484375 0.7919921882022473 0.952578125 0.7832031235955056 0.964746095 0.7939453117977527 0.99082031 0.8203125 0.968222655 0.8095703117977527 0.9178125 0.7998046882022473 0.93519531 0.7939453117977527 0.90390625 0.7724609382022473 0.9178125 0.7666015617977527 0.89 0.7480468764044944 0.881308595 0.8125 0.8152539050000001 0.8105468764044944 0.75267578 0.7871093764044944 0.742246095 0.8203125 0.728339845 0.7519531235955056 0.453691405 0.7480468764044944 0.37720703 0.7128906235955056 0.26248047 0.7197265617977527 0.243359375 0.74609375 0.255527345 0.7636718764044944 0.31810547 0.765625 0.38763672 0.7890625 0.42935547 0.8027343764044944 0.49888672 0.83984375 0.54408203 0.82421875 0.5753710949999999 0.875 0.77701172 0.8935546882022473 0.757890625 0.9111328117977527 0.771796875 0.9248046882022473 0.723125 0.9599609382022473 0.716171875 0.96875 0.73529297 0.9628906235955056 0.783964845 0.9746093764044944 0.78048828 0.9824218764044944 0.82220703 0.984375 0.783964845 1 0.77701172 1 0.592753905 0.9619140617977527 0.58058594 0.953125 0.533652345 0.9394531235955056 0.537128905 0.9482421882022473 0.51105469 0.9580078117977527 0.52496094 0.9716796882022473 0.507578125 0.9912109382022473 0.51453125 1 0.54060547 0.9990234382022473 0.11125 0.9716796882022473 0.10082031000000001 0.9521484382022473 0.052148440000000004 0.9052734382022473 0.01390625 0.8427734382022473 0 0.5361328117977529 0 0.5283203117977529 0.04171875 0.5029296882022471 0.038242189999999995 0.4990234382022472 0 0.4111328117977528 0
5 0.26757812359550565 0.133847655 0.26757812359550565 0.12689453 0.27148437640449435 0.116464845 0.26953125 0.106035155 0.27148437640449435 0.09560547 0.2666015617977528 0.07996094000000001 0.24316406179775282 0.07996094000000001 0.23828125 0.088652345 0.24023437640449438 0.14080078000000001 0.24316406179775282 0.146015625 0.25195312359550565 0.144277345 0.2646484382022472 0.1390625 0.26757812359550565 0.133847655
5 0.2646484382022472 0.1390625 0.2724609382022472 0.12167969 0.2861328117977528 0.12167969 0.2900390617977528 0.118203125 0.29296875 0.10951171999999999 0.29296875 0.08517578 0.2841796882022472 0.076484375 0.2744140617977528 0.0834375 0.2724609382022472 0.07996094000000001 0.24316406179775282 0.07996094000000001 0.23828125 0.088652345 0.23632812359550562 0.09908203 0.23828125 0.130371095 0.24316406179775282 0.146015625 0.25390625 0.144277345 0.2587890617977528 0.1390625 0.2646484382022472 0.1390625
5 0.6748046882022471 0.23640625 0.6787109382022471 0.229453125 0.6806640617977529 0.23292969 0.6855468764044944 0.23119140500000002 0.6738281235955056 0.189472655 0.6738281235955056 0.175566405 0.6591796882022471 0.15644531 0.6494140617977529 0.15644531 0.6474609382022471 0.159921875 0.6416015617977529 0.159921875 0.6308593764044944 0.172089845 0.6269531235955056 0.185996095 0.6269531235955056 0.199902345 0.63671875 0.22076172 0.640625 0.241621095 0.6494140617977529 0.257265625 0.6582031235955056 0.255527345 0.6669921882022471 0.23988281 0.6748046882022471 0.23640625
5 0.6582031235955056 0.314628905 0.66015625 0.311152345 0.6582031235955056 0.297246095 0.6435546882022471 0.26074219 0.6318359382022471 0.25378906 0.6171875 0.26943359499999997 0.6171875 0.29029297 0.625 0.314628905 0.6269531235955056 0.33201172 0.6318359382022471 0.340703125 0.6484375 0.338964845 0.6582031235955056 0.325058595 0.6582031235955056 0.314628905
5 0.76171875 0.33548828 0.7519531235955056 0.30767578 0.74609375 0.26248047 0.7412109382022473 0.25378906 0.7158203117977529 0.24683594 0.71484375 0.255527345 0.71875 0.27638672 0.7285156235955056 0.30419922 0.73046875 0.325058595 0.7363281235955056 0.34939453 0.7392578117977527 0.354609375 0.7558593764044944 0.352871095 0.76171875 0.34591797 0.76171875 0.33548828
5 0.7949218764044944 0.46064453 0.77734375 0.408496095 0.7597656235955056 0.384160155 0.76171875 0.33548828 0.7480468764044944 0.26595703 0.7177734382022471 0.24683594 0.7207031235955056 0.29029297 0.7480468764044944 0.384160155 0.75 0.436308595 0.81640625 0.714433595 0.8564453117977527 0.81003906 0.8730468764044944 0.80830078 0.8671875 0.756152345 0.7949218764044944 0.46064453
5 0.34570312359550565 0.895214845 0.09375 0.89173828 0.12011718820224719 0.94214844 0.23828125 0.94388672 0.3427734382022472 0.94214844 0.34570312359550565 0.895214845
5 0.30664062359550565 0.547558595 0.2802734382022472 0.5284375 0.2724609382022472 0.5284375 0.26171875 0.547558595 0.25976562359550565 0.561464845 0.2666015617977528 0.57363281 0.2705078117977528 0.57015625 0.2763671882022472 0.57363281 0.28320312359550565 0.57189453 0.3056640617977528 0.57015625 0.30664062359550565 0.547558595
5 0.26171875 0.69357422 0.26171875 0.68314453 0.26757812359550565 0.676191405 0.26953125 0.66923828 0.2685546882022472 0.65011719 0.2646484382022472 0.65011719 0.2587890617977528 0.65707031 0.2548828117977528 0.65359375 0.24707031179775282 0.65359375 0.24511718820224718 0.65707031 0.23535156179775282 0.65359375 0.22753906179775282 0.6675 0.21875 0.676191405 0.22753906179775282 0.69183594 0.23535156179775282 0.6953125 0.24121093820224718 0.70574219 0.24511718820224718 0.70921875 0.25 0.70748047 0.2587890617977528 0.69878906 0.26171875 0.69357422
5 0.22558593820224718 0.39285156 0.21777343820224718 0.39285156 0.2109375 0.38763672 0.2109375 0.370253905 0.21484375 0.35982422 0.20800781179775282 0.34417969 0.19433593820224718 0.340703125 0.18847656179775282 0.354609375 0.18457031179775282 0.354609375 0.18164062359550562 0.35982422 0.18164062359550562 0.384160155 0.18457031179775282 0.39285156 0.20214843820224718 0.410234375 0.21679687640449438 0.408496095 0.22851562359550562 0.398066405 0.22558593820224718 0.39285156
5 0.3994140617977528 0.06605469 0.40625 0.05388672 0.40429687640449435 0.04345703 0.3974609382022472 0.034765625 0.3837890617977528 0.034765625 0.3818359382022472 0.038242189999999995 0.3662109382022472 0.038242189999999995 0.35742187640449435 0.046933594999999995 0.35546875 0.05736328 0.3681640617977528 0.076484375 0.38085937640449435 0.074746095 0.3935546882022472 0.06605469 0.3994140617977528 0.06605469
5 0.3232421882022472 0.052148440000000004 0.3173828117977528 0.052148440000000004 0.3076171882022472 0.04171875 0.2978515617977528 0.04171875 0.2890625 0.05736328 0.28515625 0.07126953 0.2880859382022472 0.076484375 0.32421875 0.074746095 0.33007812359550565 0.060839845 0.3232421882022472 0.052148440000000004